1			9			-138.57
2			9			-138.59
3			-1			-138.58
4			9			-138.59
5			9			-138.59
6			9			-138.57
7			5			-138.57
8			5			-138.58
9			5			-138.57
10			5			-138.6
11			5			-138.59
12			5			-138.6
13			5			-138.6
14			5			-138.6
15			5			-138.59
16			5			-138.59
17			5			-138.59
18			5			-138.59
19			5			-138.59
20			5			-138.59
21			5			-138.58
22			5			-138.58
23			5			-138.58
24			5			-138.57
25			5			-138.57
26			5			-138.58
27			-1			-138.58
28			5			-138.57
29			4			-138.57
30			4			-138.56
31			5			-138.56
32			5			-138.57
33			4			-138.57
34			4			-138.57
35			5			-138.57
36			5			-138.56
37			5			-138.56
38			5			-138.56
39			5			-138.56
40			5			-138.56
41			5			-138.56
42			5			-138.57
43			5			-138.57
44			5			-138.57
45			5			-138.57
46			5			-138.57
47			5			-138.56
48			5			-138.56
49			5			-138.56
50			5			-138.56
51			5			-138.56
52			5			-138.57
53			5			-138.57
54			5			-138.56
55			5			-138.56
56			5			-138.56
57			5			-138.56
58			5			-138.56
59			5			-138.56
60			5			-138.56
61			5			-138.55
62			5			-138.55
63			5			-138.55
64			5			-138.55
65			5			-138.55
66			5			-138.54
67			5			-138.54
68			5			-138.55
69			5			-138.54
70			-1			-138.54
71			5			-138.54
72			5			-138.53
73			5			-138.53
74			5			-138.53
75			5			-138.53
76			5			-138.53
77			5			-138.52
78			5			-138.52
79			5			-138.52
80			-1			-138.52
81			5			-138.52
82			5			-138.52
83			5			-138.51
84			5			-138.51
85			5			-138.51
86			5			-138.51
87			5			-138.51
88			5			-138.52
89			5			-138.51
90			5			-138.52
91			5			-138.52
92			5			-138.52
93			5			-138.52
94			5			-138.52
95			5			-138.52
96			5			-138.52
97			5			-138.52
98			5			-138.51
99			5			-138.52
100			5			-138.52
101			5			-138.52
102			5			-138.52
103			5			-138.52
104			5			-138.52
105			5			-138.52
106			5			-138.52
107			5			-138.52
108			5			-138.52
109			5			-138.52
110			5			-138.52
111			5			-138.52
112			5			-138.52
113			5			-138.52
114			5			-138.51
115			5			-138.51
116			5			-138.51
117			5			-138.51
118			5			-138.51
119			5			-138.5
120			5			-138.5
121			5			-138.5
122			5			-138.5
123			5			-138.5
124			5			-138.5
125			5			-138.5
126			5			-138.5
127			5			-138.5
128			5			-138.5
129			5			-138.5
130			5			-138.5
131			5			-138.5
132			5			-138.5
133			5			-138.49
134			5			-138.49
135			5			-138.49
136			5			-138.49
137			5			-138.49
138			-1			-138.49
139			5			-138.49
140			5			-138.49
141			5			-138.49
142			5			-138.48
143			5			-138.48
144			5			-138.48
145			5			-138.48
146			5			-138.47
147			5			-138.47
148			5			-138.47
149			5			-138.48
150			5			-138.48
151			5			-138.48
152			-1			-138.48
153			5			-138.48
154			5			-138.48
155			5			-138.48
156			-1			-138.47
157			5			-138.48
158			5			-138.47
159			5			-138.48
160			5			-138.48
161			5			-138.49
162			5			-138.49
163			5			-138.48
164			5			-138.48
165			5			-138.49
166			5			-138.49
167			5			-138.48
168			5			-138.48
169			5			-138.48
170			4			-138.47
171			-1			-138.47
172			4			-138.47
173			4			-138.47
174			4			-138.47
175			4			-138.46
176			4			-138.46
177			4			-138.46
178			4			-138.46
179			4			-138.46
180			4			-138.45
181			4			-138.44
182			4			-138.45
183			4			-138.45
184			4			-138.45
185			4			-138.45
186			4			-138.45
187			4			-138.45
188			4			-138.45
189			4			-138.45
190			4			-138.44
191			4			-138.44
192			4			-138.44
193			4			-138.44
194			4			-138.44
195			4			-138.44
196			4			-138.44
197			-1			-138.43
198			4			-138.43
199			4			-138.43
200			4			-138.43
201			4			-138.43
202			4			-138.43
203			4			-138.43
204			4			-138.43
205			4			-138.43
206			4			-138.42
207			-1			-138.42
208			4			-138.42
209			4			-138.42
210			4			-138.42
211			4			-138.42
212			4			-138.42
213			4			-138.42
214			4			-138.42
215			4			-138.41
216			4			-138.4
217			4			-138.39
218			4			-138.39
219			4			-138.38
220			4			-138.38
221			4			-138.38
222			4			-138.76
223			4			-138.76
224			4			-138.76
225			4			-138.76
226			4			-138.77
227			4			-138.77
228			4			-138.77
229			4			-138.77
230			4			-138.76
231			4			-138.76
232			4			-138.76
233			4			-138.77
234			4			-138.77
235			4			-138.77
236			4			-138.77
237			4			-138.77
238			4			-138.77
239			4			-138.77
240			4			-138.77
241			4			-138.77
242			4			-138.77
243			4			-138.76
244			4			-138.76
245			4			-138.76
246			4			-138.75
247			4			-138.75
248			4			-138.75
249			4			-138.75
250			4			-138.76
251			4			-138.76
252			4			-138.76
253			4			-138.76
254			4			-138.76
255			4			-138.75
256			4			-138.75
257			4			-138.76
258			4			-138.75
259			4			-138.75
260			4			-138.76
261			4			-138.74
262			4			-138.74
263			4			-138.74
264			4			-138.74
265			4			-138.74
266			4			-138.74
267			4			-138.74
268			4			-138.74
269			4			-138.74
270			4			-138.74
271			4			-138.74
272			4			-138.74
273			4			-138.74
274			4			-138.74
275			4			-138.75
276			4			-138.74
277			4			-138.75
278			4			-138.75
279			-1			-138.74
280			4			-138.74
281			4			-138.74
282			4			-138.74
283			4			-138.74
284			4			-138.74
285			4			-138.74
286			4			-138.74
287			4			-138.74
288			4			-138.74
289			4			-138.74
290			4			-138.74
291			4			-138.74
292			4			-138.74
293			4			-138.74
294			4			-138.74
295			4			-138.73
296			4			-138.73
297			4			-138.73
298			4			-138.72
299			4			-138.72
300			4			-138.72
301			4			-138.72
302			4			-138.72
303			4			-138.71
304			4			-138.71
305			4			-138.72
306			4			-138.72
307			4			-138.72
308			4			-138.72
309			4			-138.72
310			4			-138.72
311			4			-138.71
312			4			-138.71
313			4			-138.71
314			4			-138.71
315			4			-138.72
316			4			-138.72
317			4			-138.71
318			4			-138.71
319			4			-138.71
320			4			-138.71
321			4			-138.71
322			4			-138.72
323			4			-138.72
324			4			-138.72
325			4			-138.72
326			4			-138.72
327			4			-138.73
328			4			-138.72
329			4			-138.72
330			-1			-138.72
331			4			-138.73
332			4			-138.73
333			4			-138.73
334			4			-138.73
335			4			-138.74
336			4			-138.74
337			4			-138.74
338			4			-138.74
339			4			-138.74
340			4			-138.74
341			4			-138.74
342			4			-138.74
343			4			-138.74
344			4			-138.74
345			4			-138.74
346			4			-138.74
347			4			-138.74
348			4			-138.74
349			4			-138.74
350			4			-138.74
351			4			-138.74
352			4			-138.74
353			4			-138.74
354			4			-138.74
355			4			-138.75
356			4			-138.75
357			4			-138.75
358			4			-138.76
359			4			-138.76
360			4			-138.76
361			4			-138.76
362			4			-138.75
363			4			-138.75
364			4			-138.75
365			4			-138.75
366			4			-138.74
367			4			-138.74
368			4			-138.74
369			4			-138.74
370			4			-138.74
371			4			-138.74
372			4			-138.74
373			4			-138.74
374			4			-138.74
375			4			-138.74
376			4			-138.73
377			4			-138.74
378			4			-138.74
379			4			-138.73
380			4			-138.73
381			4			-138.73
382			4			-138.73
383			4			-138.73
384			4			-138.73
385			4			-138.73
386			4			-138.73
387			4			-138.72
388			4			-138.72
389			4			-138.72
390			4			-138.72
391			4			-138.72
392			4			-138.72
393			4			-138.72
394			4			-138.73
395			4			-138.72
396			4			-138.72
397			4			-138.72
398			4			-138.71
399			4			-138.71
400			4			-138.71
401			4			-138.72
402			4			-138.71
403			4			-138.71
404			4			-138.72
405			4			-138.72
406			4			-138.72
407			4			-138.72
408			4			-138.72
409			-1			-138.72
410			4			-138.72
411			4			-138.73
412			4			-138.73
413			4			-138.72
414			4			-138.71
415			4			-138.71
416			4			-138.72
417			4			-138.72
418			4			-138.73
419			4			-138.72
420			4			-138.72
421			4			-138.72
422			4			-139.02
423			4			-139.02
424			4			-139.02
425			4			-139.02
426			4			-139.02
427			4			-139.02
428			4			-139.02
429			4			-139.03
430			4			-139.02
431			4			-139.02
432			4			-139.02
433			4			-139.02
434			4			-139.02
435			4			-139.02
436			4			-139.02
437			4			-139.02
438			4			-139.02
439			4			-139.02
440			4			-139.02
441			4			-139.02
442			4			-139.01
443			4			-139.02
444			4			-139.03
445			4			-139.02
446			4			-139.02
447			4			-139.02
448			4			-139.01
449			4			-139.01
450			4			-139
451			4			-139
452			4			-139
453			4			-139
454			4			-139
455			4			-139
456			4			-139
457			4			-138.99
458			4			-138.99
459			4			-138.99
460			4			-139
461			4			-138.99
462			4			-138.99
463			4			-138.99
464			4			-138.99
465			4			-138.99
466			4			-138.99
467			4			-138.99
468			4			-138.99
469			-1			-138.99
470			4			-138.99
471			4			-138.98
472			4			-138.98
473			4			-138.98
474			4			-138.98
475			-1			-138.98
476			4			-138.97
477			4			-138.98
478			4			-138.98
479			4			-138.98
480			4			-138.98
481			4			-138.98
482			4			-138.98
483			4			-138.97
484			4			-138.97
485			4			-138.97
486			4			-138.97
487			4			-138.97
488			4			-138.97
489			4			-138.97
490			4			-138.97
491			4			-138.96
492			4			-138.96
493			4			-138.96
494			4			-138.96
495			4			-138.97
496			4			-138.97
497			4			-138.97
498			4			-138.96
499			4			-138.97
500			-1			-138.97
501			4			-138.97
502			4			-138.97
503			4			-138.97
504			4			-138.97
505			4			-138.97
506			4			-138.97
507			4			-138.96
508			4			-138.96
509			4			-138.96
510			4			-138.96
511			4			-138.95
512			4			-138.94
513			4			-138.94
514			4			-138.94
515			4			-138.93
516			4			-138.93
517			-1			-138.93
518			4			-138.93
519			4			-138.93
520			4			-138.93
521			4			-138.94
522			4			-138.94
523			4			-138.94
524			4			-138.94
525			4			-138.94
526			4			-138.94
527			4			-138.94
528			4			-138.94
529			4			-138.94
530			4			-138.94
531			4			-138.93
532			4			-138.93
533			4			-138.94
534			4			-138.93
535			4			-138.93
536			4			-138.94
537			4			-138.94
538			4			-138.94
539			4			-138.94
540			4			-138.95
541			4			-138.95
542			4			-138.95
543			4			-138.95
544			4			-138.95
545			4			-138.95
546			4			-138.95
547			4			-138.95
548			4			-138.95
549			4			-138.94
550			4			-138.94
551			4			-138.94
552			4			-138.94
553			4			-138.95
554			4			-138.95
555			4			-138.94
556			4			-138.94
557			4			-138.94
558			4			-138.94
559			4			-138.94
560			4			-138.93
561			4			-138.93
562			4			-138.94
563			4			-138.94
564			4			-138.94
565			4			-138.94
566			4			-138.94
567			4			-138.94
568			4			-138.94
569			4			-138.94
570			4			-138.94
571			4			-138.94
572			4			-138.94
573			4			-138.93
574			4			-138.93
575			4			-138.92
576			4			-138.93
577			4			-138.93
578			4			-138.93
579			4			-138.93
581			4			-138.93
582			4			-138.93
583			4			-138.93
584			4			-138.93
585			4			-138.92
586			4			-138.93
587			4			-138.93
588			4			-138.93
589			4			-138.92
590			4			-138.93
591			4			-138.93
592			4			-138.92
593			4			-138.93
594			4			-138.93
595			4			-138.93
596			4			-138.93
597			4			-138.93
598			4			-138.93
599			4			-138.93
600			4			-138.93
601			4			-138.93
602			4			-138.93
603			4			-138.93
604			4			-138.93
605			4			-138.94
606			-1			-138.94
607			4			-138.94
608			4			-138.93
609			4			-138.94
610			4			-138.94
611			4			-138.94
612			4			-138.93
613			4			-138.93
614			4			-138.92
615			4			-138.92
616			4			-138.92
617			4			-138.92
618			4			-138.92
619			4			-138.92
620			4			-138.92
621			4			-138.92
622			4			-139.1
623			4			-139.1
624			4			-139.1
625			4			-139.1
626			4			-139.1
627			4			-139.09
628			4			-139.09
629			4			-139.1
630			4			-139.1
631			4			-139.1
632			4			-139.1
633			4			-139.09
634			4			-139.09
635			4			-139.09
636			4			-139.09
637			-1			-139.09
638			4			-139.08
639			4			-139.08
640			4			-139.08
641			4			-139.08
642			4			-139.08
643			4			-139.08
644			4			-139.08
645			4			-139.07
646			4			-139.07
647			4			-139.07
648			4			-139.07
649			4			-139.07
650			4			-139.07
651			4			-139.07
652			4			-139.07
653			4			-139.07
654			4			-139.07
655			4			-139.07
656			4			-139.07
657			4			-139.06
658			4			-139.06
659			4			-139.06
660			4			-139.07
661			4			-139.07
662			4			-139.07
663			4			-139.07
664			4			-139.07
665			4			-139.07
666			4			-139.07
667			4			-139.07
668			4			-139.07
669			4			-139.07
670			4			-139.07
671			4			-139.07
672			4			-139.07
673			4			-139.08
674			4			-139.08
675			4			-139.07
676			4			-139.06
677			4			-139.06
678			4			-139.06
679			-1			-139.06
680			4			-139.06
681			4			-139.06
682			4			-139.05
683			4			-139.06
684			4			-139.06
685			4			-139.06
686			4			-139.06
687			4			-139.06
688			4			-139.06
689			4			-139.07
690			4			-139.06
691			-1			-139.07
692			4			-139.07
693			4			-139.06
694			4			-139.06
695			4			-139.07
696			4			-139.07
697			4			-139.07
698			4			-139.06
699			4			-139.06
700			4			-139.07
701			4			-139.07
702			4			-139.07
703			4			-139.07
704			4			-139.07
705			4			-139.07
706			4			-139.07
707			4			-139.07
708			4			-139.06
709			4			-139.06
710			4			-139.06
711			4			-139.06
712			4			-139.07
713			-1			-139.07
714			4			-139.07
715			4			-139.07
716			4			-139.07
717			4			-139.07
718			4			-139.07
719			4			-139.06
720			4			-139.07
721			-1			-139.06
722			4			-139.06
723			4			-139.06
724			4			-139.06
725			4			-139.07
726			4			-139.07
727			4			-139.07
728			4			-139.07
729			4			-139.07
730			4			-139.07
731			4			-139.07
732			4			-139.07
733			-1			-139.07
734			4			-139.07
735			4			-139.06
736			4			-139.06
737			4			-139.06
738			4			-139.06
739			4			-139.06
740			4			-139.06
741			4			-139.06
742			4			-139.06
743			4			-139.06
744			4			-139.06
745			4			-139.06
746			4			-139.06
747			4			-139.06
748			4			-139.05
749			4			-139.05
750			4			-139.05
751			4			-139.05
752			4			-139.05
753			4			-139.05
754			4			-139.06
755			4			-139.06
756			4			-139.05
757			4			-139.06
758			4			-139.06
759			4			-139.06
760			4			-139.06
761			4			-139.05
762			4			-139.06
763			4			-139.05
764			4			-139.05
765			4			-139.05
766			4			-139.05
767			4			-139.05
768			4			-139.05
769			4			-139.05
770			4			-139.05
771			4			-139.05
772			4			-139.05
773			4			-139.05
774			4			-139.05
775			4			-139.05
776			4			-139.05
777			4			-139.05
778			4			-139.04
779			4			-139.04
780			4			-139.04
781			4			-139.04
782			4			-139.04
783			4			-139.04
784			4			-139.03
785			4			-139.03
786			4			-139.03
787			4			-139.03
788			4			-139.02
789			4			-139.02
790			4			-139.02
791			4			-139.02
792			4			-139.01
793			4			-139.02
794			4			-139.02
795			4			-139.02
796			4			-139.02
797			4			-139.01
798			4			-139.01
799			4			-139.01
800			4			-139.01
801			4			-139.01
802			4			-139.01
803			4			-139.01
804			4			-139.01
805			4			-139.01
806			4			-139.02
807			4			-139.02
808			4			-139.02
809			4			-139.02
810			4			-139.01
811			4			-139.01
812			4			-139.01
813			4			-139.01
814			4			-139.01
815			4			-139.01
816			4			-139.01
817			4			-139
818			4			-139.01
819			4			-139
820			4			-139.01
821			4			-139.01
822			4			-139.07
823			4			-139.06
824			4			-139.07
825			4			-139.07
826			4			-139.07
827			4			-139.07
828			-1			-139.06
829			4			-139.07
830			4			-139.07
831			4			-139.07
832			4			-139.07
833			4			-139.07
834			4			-139.07
835			4			-139.07
836			4			-139.07
837			4			-139.07
838			4			-139.07
839			4			-139.07
840			4			-139.07
841			4			-139.07
842			4			-139.06
843			4			-139.07
844			4			-139.07
845			4			-139.07
846			4			-139.07
847			4			-139.07
848			4			-139.07
849			4			-139.07
850			4			-139.07
851			4			-139.08
852			4			-139.07
853			4			-139.08
854			4			-139.08
855			4			-139.08
856			4			-139.07
857			4			-139.08
858			4			-139.08
859			4			-139.07
860			4			-139.07
861			4			-139.07
862			4			-139.08
863			4			-139.08
864			4			-139.08
865			4			-139.08
866			4			-139.08
867			4			-139.08
868			4			-139.08
869			4			-139.09
870			4			-139.08
871			4			-139.09
872			4			-139.09
873			4			-139.09
874			4			-139.09
875			4			-139.09
876			4			-139.09
877			4			-139.09
878			4			-139.09
879			4			-139.09
880			4			-139.09
881			4			-139.09
882			4			-139.09
883			4			-139.09
884			4			-139.09
885			4			-139.09
886			4			-139.09
887			4			-139.09
888			4			-139.09
889			4			-139.09
890			4			-139.09
891			4			-139.09
892			4			-139.09
893			4			-139.09
894			4			-139.09
895			-1			-139.09
896			4			-139.09
897			4			-139.09
898			4			-139.08
899			4			-139.08
900			4			-139.08
901			4			-139.08
902			4			-139.08
903			4			-139.09
904			4			-139.09
905			4			-139.09
906			4			-139.09
907			4			-139.09
908			4			-139.09
909			4			-139.09
910			4			-139.09
911			4			-139.09
912			4			-139.09
913			4			-139.09
914			4			-139.1
915			4			-139.1
916			4			-139.09
917			4			-139.09
918			4			-139.08
919			4			-139.08
920			4			-139.08
921			4			-139.08
922			4			-139.08
923			4			-139.08
924			4			-139.07
925			4			-139.07
926			4			-139.07
927			4			-139.08
928			4			-139.08
929			4			-139.08
930			4			-139.08
931			4			-139.08
932			4			-139.08
933			4			-139.08
934			4			-139.07
935			4			-139.07
936			4			-139.07
937			4			-139.07
938			4			-139.07
939			4			-139.06
940			4			-139.06
941			4			-139.06
942			4			-139.06
943			4			-139.06
944			4			-139.07
945			4			-139.06
946			4			-139.06
947			4			-139.06
948			4			-139.06
949			4			-139.07
950			4			-139.07
951			4			-139.07
952			4			-139.07
953			4			-139.07
954			4			-139.08
955			4			-139.07
956			4			-139.07
957			4			-139.08
958			4			-139.07
959			4			-139.07
960			4			-139.07
961			4			-139.07
962			4			-139.07
963			4			-139.07
964			4			-139.07
965			4			-139.07
966			4			-139.07
967			4			-139.07
968			4			-139.07
969			4			-139.07
970			4			-139.07
971			4			-139.07
972			4			-139.07
973			4			-139.06
974			4			-139.07
975			4			-139.07
976			4			-139.07
977			4			-139.07
978			4			-139.07
979			4			-139.07
980			4			-139.07
981			4			-139.07
982			4			-139.07
983			4			-139.07
984			-1			-139.07
985			4			-139.07
986			4			-139.07
987			4			-139.07
988			4			-139.07
989			4			-139.07
990			4			-139.06
991			4			-139.06
992			4			-139.06
993			4			-139.06
994			4			-139.05
995			4			-139.06
996			4			-139.06
997			4			-139.06
1			98			-139.06
2			98			-139.06
3			98			-139.07
4			98			-139.07
5			98			-139.06
6			98			-139.06
7			98			-139.06
8			98			-139.06
9			-1			-139.06
10			98			-139.06
11			100			-139.07
12			100			-139.06
13			100			-139.07
14			100			-139.07
15			100			-139.08
16			100			-139.07
17			100			-139.07
18			100			-139.07
19			100			-139.06
20			100			-139.06
21			100			-139.06
22			100			-139.06
23			100			-139.06
24			100			-139.06
25			100			-114.58
26			100			-114.59
27			100			-114.58
28			100			-114.59
29			100			-114.59
30			100			-114.6
31			100			-114.6
32			100			-114.6
33			100			-114.6
34			100			-114.61
35			100			-114.61
36			100			-114.62
37			100			-114.62
38			100			-114.63
39			100			-114.63
40			100			-114.64
41			100			-114.63
42			100			-114.64
43			100			-114.64
44			100			-114.65
45			100			-114.65
46			100			-114.65
47			100			-114.66
48			100			-114.66
49			100			-114.67
50			100			-114.68
51			100			-114.68
52			100			-114.68
53			100			-114.68
54			100			-114.69
55			100			-114.69
56			100			-114.69
57			100			-114.69
58			100			-114.69
59			100			-114.69
60			100			-114.69
61			100			-114.69
62			100			-114.7
63			100			-114.7
64			100			-114.7
65			100			-114.7
66			100			-114.72
67			100			-114.72
68			100			-114.73
69			100			-114.73
70			100			-114.73
71			100			-114.73
72			100			-114.73
73			100			-114.73
74			100			-114.73
75			100			-114.72
76			100			-114.73
77			100			-114.73
78			100			-114.73
79			100			-114.74
80			100			-114.75
81			100			-114.75
82			100			-114.75
83			100			-114.75
84			100			-114.76
85			100			-114.76
86			100			-114.75
87			100			-114.76
88			100			-114.76
89			100			-114.77
90			100			-114.78
91			100			-114.78
92			100			-114.78
93			-1			-114.78
94			100			-114.79
95			100			-114.79
96			100			-114.79
97			100			-114.79
98			100			-114.79
99			100			-114.8
100			100			-114.8
101			100			-114.8
102			100			-114.8
103			100			-114.8
104			100			-114.81
105			100			-114.81
106			100			-114.81
107			100			-114.82
108			100			-114.82
109			100			-114.82
110			100			-114.83
111			100			-114.83
112			100			-114.83
113			100			-114.83
114			100			-114.83
115			100			-114.83
116			100			-114.83
117			100			-114.83
118			100			-114.83
119			100			-114.83
120			100			-114.84
121			100			-114.84
122			100			-114.85
123			100			-114.85
124			100			-114.85
125			100			-114.84
126			100			-114.85
127			100			-114.85
128			100			-114.85
129			-1			-114.85
130			100			-114.86
131			100			-114.86
132			100			-114.86
133			100			-114.86
134			100			-114.87
135			100			-114.87
136			100			-114.87
137			100			-114.87
138			100			-114.87
139			100			-114.87
140			100			-114.88
141			100			-114.88
142			100			-114.89
143			100			-114.88
144			100			-114.89
145			100			-114.89
146			100			-114.89
147			100			-114.89
148			100			-114.9
149			100			-114.9
150			100			-114.91
151			100			-114.91
152			100			-114.91
153			100			-114.91
154			100			-114.91
155			100			-114.91
156			100			-114.92
157			100			-114.92
158			100			-114.92
159			100			-114.93
160			100			-114.93
161			100			-114.93
162			100			-114.94
163			100			-114.93
164			100			-114.94
165			100			-114.93
166			100			-114.94
167			100			-114.94
168			100			-114.94
169			100			-114.94
170			-1			-114.95
171			100			-114.95
172			100			-114.95
173			100			-114.96
174			100			-114.96
175			100			-114.96
176			100			-114.97
177			100			-114.97
178			100			-114.97
179			100			-114.98
180			100			-114.98
181			100			-114.98
182			100			-114.98
183			100			-114.98
184			100			-114.99
185			100			-114.99
186			100			-114.99
187			100			-114.99
188			100			-114.99
189			100			-114.99
190			100			-114.99
191			100			-114.99
192			100			-114.99
193			100			-114.99
194			100			-114.93
195			100			-114.83
196			100			-114.82
197			100			-114.82
198			100			-114.82
199			100			-114.82
200			100			-114.82
201			100			-114.82
202			100			-114.82
203			100			-114.82
204			100			-114.82
205			100			-114.83
206			100			-114.83
207			100			-114.82
208			100			-114.83
209			100			-114.83
210			100			-114.83
211			100			-114.84
212			100			-114.84
213			-1			-114.84
214			100			-114.84
215			100			-114.84
216			100			-114.85
217			100			-114.84
218			100			-114.85
219			100			-114.85
220			100			-114.84
221			100			-114.84
222			100			-114.84
223			100			-114.85
224			100			-116.01
225			100			-116.02
226			100			-116.01
227			100			-116.01
228			100			-116.01
229			100			-116.01
230			100			-116
231			100			-116
232			100			-116
233			100			-116
234			100			-115.99
235			100			-115.99
236			100			-116
237			100			-116
238			100			-116
239			100			-116.01
240			100			-116
241			100			-116
242			100			-116
243			100			-116.01
244			100			-116.01
245			100			-116.01
246			100			-116.01
247			100			-116.01
248			100			-116.01
249			100			-116.01
250			100			-116.01
251			100			-116.01
252			100			-116.01
253			100			-116.01
254			100			-116.01
255			100			-116.01
256			100			-116.01
257			100			-116.01
258			100			-116.02
259			100			-116.02
260			100			-116.02
261			100			-116.02
262			100			-116.02
263			100			-116.02
264			100			-116.02
265			100			-116.02
266			100			-116.02
267			100			-116.02
268			100			-116.02
269			100			-116.02
270			100			-116.02
271			100			-116.02
272			100			-116.02
273			100			-116.02
274			100			-116.02
275			100			-116.02
276			-1			-116.01
277			100			-116.02
278			100			-116.01
279			100			-116.01
280			100			-116.02
281			100			-116.02
282			100			-116.02
283			100			-116.02
284			100			-116.02
285			100			-116.02
286			100			-116.02
287			100			-116.03
288			100			-116.03
289			100			-116.02
290			100			-116.02
291			100			-116.02
292			100			-116.02
293			100			-116.02
294			100			-116.02
295			100			-116.01
296			100			-116
297			100			-116
298			100			-116
299			100			-116
300			100			-116
301			100			-115.99
302			100			-115.99
303			100			-115.99
304			100			-115.99
305			100			-115.99
306			100			-115.99
307			100			-115.99
308			100			-115.99
309			100			-115.99
310			100			-115.99
311			100			-115.99
312			100			-115.99
313			100			-115.98
314			100			-115.99
315			100			-115.99
316			100			-115.99
317			100			-115.99
318			100			-115.99
319			100			-115.99
320			100			-115.99
321			100			-115.99
322			100			-115.99
323			100			-115.99
324			100			-115.99
325			100			-115.99
326			100			-115.99
327			100			-115.99
328			100			-116
329			100			-116
330			100			-116
331			100			-116
332			100			-115.99
333			100			-115.99
334			100			-115.98
335			100			-115.99
336			100			-115.99
337			100			-115.99
338			100			-115.99
339			100			-115.99
340			100			-115.99
341			100			-115.99
342			100			-115.99
343			100			-115.99
344			100			-115.99
345			100			-115.99
346			100			-115.99
347			100			-116
348			100			-116
349			100			-115.99
350			100			-115.99
351			100			-115.99
352			100			-115.99
353			100			-115.98
354			-1			-115.98
355			100			-115.98
356			100			-115.98
357			100			-115.98
358			100			-115.98
359			100			-115.98
360			100			-115.97
361			100			-115.98
362			100			-115.98
363			100			-115.99
364			100			-115.99
365			100			-115.98
366			100			-115.99
367			100			-115.99
368			100			-115.99
369			100			-115.99
370			100			-115.99
371			100			-115.99
372			100			-115.99
373			100			-115.99
374			100			-115.99
375			100			-115.99
376			100			-115.99
377			100			-116
378			100			-115.99
379			100			-115.99
380			100			-115.99
381			100			-115.99
382			100			-115.99
383			100			-115.98
384			100			-115.99
385			100			-115.98
386			100			-115.99
387			100			-115.99
388			100			-115.99
389			100			-115.99
390			100			-115.99
391			100			-115.99
392			100			-115.99
393			100			-115.99
394			100			-115.98
395			100			-115.98
396			100			-115.99
397			100			-115.99
399			100			-115.98
400			100			-115.98
401			100			-115.97
402			100			-115.97
403			100			-115.98
404			100			-115.98
405			100			-115.97
406			100			-115.98
407			100			-115.98
408			-1			-115.99
409			100			-115.98
410			100			-115.99
411			100			-115.98
412			100			-115.98
413			100			-115.98
414			-1			-115.98
415			100			-115.98
416			100			-115.98
417			100			-115.98
418			100			-115.99
419			100			-115.99
420			100			-115.99
421			100			-116
422			100			-116
423			100			-116
424			100			-115.91
425			100			-115.91
426			100			-115.91
427			100			-115.91
428			100			-115.91
429			100			-115.91
430			100			-115.91
431			100			-115.91
432			100			-115.91
433			100			-115.91
434			100			-115.91
435			100			-115.91
436			100			-115.91
437			100			-115.9
438			100			-115.91
439			100			-115.9
440			-1			-115.9
441			100			-115.9
442			100			-115.9
443			100			-115.9
444			100			-115.91
445			100			-115.91
446			100			-115.91
447			100			-115.91
448			100			-115.9
449			100			-115.9
450			100			-115.9
451			100			-115.9
452			100			-115.9
453			100			-115.89
454			100			-115.9
455			100			-115.9
456			100			-115.9
457			100			-115.9
458			100			-115.9
459			100			-115.9
460			100			-115.89
461			100			-115.9
462			100			-115.89
463			100			-115.89
464			100			-115.89
465			100			-115.89
466			100			-115.88
467			100			-115.88
468			100			-115.88
469			100			-115.88
470			100			-115.87
471			100			-115.86
472			100			-115.87
473			100			-115.86
474			100			-115.86
475			100			-115.86
476			100			-115.85
477			100			-115.86
478			100			-115.86
479			100			-115.86
480			100			-115.85
481			-1			-115.85
482			100			-115.85
483			100			-115.85
484			100			-115.86
485			100			-115.85
486			100			-115.86
487			100			-115.86
488			100			-115.86
489			100			-115.87
490			100			-115.86
491			100			-115.86
492			100			-115.86
493			100			-115.87
494			100			-115.86
495			100			-115.87
496			100			-115.87
497			-1			-115.87
498			100			-115.88
499			100			-115.88
500			100			-115.87
501			100			-115.87
502			100			-115.88
503			100			-115.88
504			100			-115.88
505			100			-115.88
506			100			-115.88
507			100			-115.89
508			100			-115.89
509			100			-115.89
510			100			-115.89
511			100			-115.89
512			-1			-115.89
513			100			-115.89
514			100			-115.89
515			100			-115.89
516			100			-115.89
517			100			-115.89
518			100			-115.89
519			100			-115.89
520			100			-115.89
521			100			-115.89
522			100			-115.89
523			100			-115.89
524			100			-115.88
525			100			-115.89
526			100			-115.88
527			100			-115.88
528			100			-115.88
529			100			-115.87
530			100			-115.87
531			100			-115.88
532			100			-115.88
533			100			-115.88
534			100			-115.88
535			-1			-115.88
536			100			-115.88
537			100			-115.89
538			100			-115.89
539			100			-115.89
540			100			-115.88
541			100			-115.88
542			100			-115.88
543			100			-115.89
544			100			-115.89
545			100			-115.89
546			100			-115.89
547			100			-115.9
548			100			-115.89
549			100			-115.89
550			100			-115.88
551			100			-115.88
552			100			-115.89
553			100			-115.89
554			100			-115.9
555			100			-115.9
556			100			-115.9
557			100			-115.9
558			100			-115.9
559			100			-115.9
560			100			-115.9
561			100			-115.9
562			100			-115.9
563			100			-115.9
564			100			-115.9
565			100			-115.89
566			100			-115.89
567			100			-115.89
568			100			-115.89
569			100			-115.89
570			100			-115.89
571			100			-115.89
572			100			-115.89
573			100			-115.89
574			100			-115.89
575			100			-115.89
576			100			-115.89
577			100			-115.89
578			100			-115.89
579			100			-115.89
580			100			-115.9
581			100			-115.9
582			100			-115.9
583			100			-115.9
584			100			-115.9
585			100			-115.9
586			100			-115.9
587			100			-115.9
588			100			-115.9
589			100			-115.89
590			100			-115.89
591			100			-115.89
592			100			-115.88
593			100			-115.89
594			100			-115.89
595			100			-115.89
596			100			-115.9
597			100			-115.9
598			100			-115.9
599			100			-115.9
600			100			-115.9
601			100			-115.9
602			100			-115.9
603			100			-115.9
604			100			-115.9
605			100			-115.9
606			100			-115.91
607			100			-115.91
608			-1			-115.91
609			100			-115.91
610			100			-115.92
611			100			-115.92
612			100			-115.93
613			100			-115.93
614			100			-115.93
615			100			-115.93
616			100			-115.93
617			100			-115.93
618			100			-115.93
619			100			-115.94
620			100			-115.95
621			100			-115.94
622			100			-115.94
623			100			-115.95
624			100			-115.69
625			100			-115.69
626			100			-115.69
627			100			-115.69
628			100			-115.69
629			100			-115.7
630			100			-115.69
631			100			-115.69
632			100			-115.69
633			100			-115.69
634			100			-115.69
635			100			-115.68
636			100			-115.69
637			100			-115.69
638			100			-115.69
639			100			-115.69
640			100			-115.69
641			100			-115.69
642			100			-115.7
643			100			-115.7
644			100			-115.69
645			100			-115.69
646			100			-115.69
647			100			-115.69
648			100			-115.69
649			100			-115.69
650			100			-115.69
651			100			-115.69
652			100			-115.69
653			100			-115.68
654			100			-115.68
655			100			-115.68
656			100			-115.68
657			100			-115.68
658			100			-115.68
659			100			-115.68
660			100			-115.69
661			100			-115.68
662			100			-115.69
663			100			-115.69
664			100			-115.69
665			100			-115.7
666			100			-115.69
667			100			-115.7
668			100			-115.7
669			100			-115.7
670			100			-115.7
671			100			-115.7
672			100			-115.7
673			100			-115.71
674			100			-115.7
675			100			-115.71
676			100			-115.7
677			100			-115.7
678			100			-115.7
679			100			-115.7
680			100			-115.7
681			100			-115.7
682			100			-115.7
683			100			-115.7
684			100			-115.69
685			100			-115.69
686			100			-115.69
687			100			-115.69
688			100			-115.69
689			100			-115.69
690			100			-115.69
691			100			-115.69
692			100			-115.69
693			100			-115.69
694			-1			-115.7
695			100			-115.7
696			100			-115.7
697			100			-115.7
698			100			-115.7
699			100			-115.7
700			100			-115.71
701			100			-115.71
702			100			-115.7
703			100			-115.7
704			100			-115.7
705			100			-115.69
706			100			-115.7
707			100			-115.7
708			100			-115.69
709			100			-115.7
710			100			-115.7
711			100			-115.7
712			100			-115.7
713			100			-115.7
714			100			-115.7
715			100			-115.71
716			100			-115.71
717			100			-115.71
718			100			-115.71
719			100			-115.71
720			100			-115.71
721			100			-115.71
722			100			-115.71
723			100			-115.71
724			100			-115.72
725			100			-115.72
726			100			-115.72
727			100			-115.72
728			100			-115.72
729			100			-115.72
730			100			-115.73
731			100			-115.73
732			100			-115.73
733			100			-115.73
734			100			-115.73
735			100			-115.73
736			100			-115.73
737			100			-115.73
738			100			-115.73
739			100			-115.73
740			100			-115.74
741			100			-115.73
742			100			-115.73
743			100			-115.73
744			100			-115.73
745			100			-115.73
746			100			-115.72
747			100			-115.72
748			100			-115.72
749			100			-115.71
750			100			-115.72
751			100			-115.71
752			100			-115.71
753			100			-115.71
754			100			-115.72
755			100			-115.72
756			100			-115.72
757			100			-115.72
758			100			-115.72
759			100			-115.72
760			100			-115.72
761			100			-115.72
762			100			-115.72
763			100			-115.72
764			100			-115.71
765			100			-115.72
766			100			-115.72
767			100			-115.71
768			100			-115.72
769			100			-115.72
770			100			-115.73
771			100			-115.73
772			100			-115.73
773			100			-115.73
774			100			-115.73
775			100			-115.73
776			100			-115.73
777			100			-115.73
778			100			-115.74
779			100			-115.73
780			100			-115.73
781			100			-115.73
782			100			-115.73
783			100			-115.72
784			100			-115.73
785			100			-115.73
786			100			-115.73
787			100			-115.73
788			100			-115.74
789			100			-115.74
790			100			-115.74
791			100			-115.74
792			100			-115.74
793			100			-115.74
794			100			-115.74
795			100			-115.75
796			100			-115.75
797			100			-115.74
798			100			-115.75
799			100			-115.75
800			100			-115.75
801			100			-115.75
802			100			-115.76
803			100			-115.76
804			100			-115.76
805			100			-115.76
806			100			-115.76
807			100			-115.76
808			-1			-115.76
809			100			-115.76
810			100			-115.76
811			100			-115.76
812			100			-115.76
813			100			-115.76
814			100			-115.76
815			100			-115.76
816			100			-115.76
817			100			-115.76
818			100			-115.76
819			100			-115.77
820			100			-115.76
821			100			-115.77
822			100			-115.77
823			100			-115.77
824			100			-115.92
825			100			-115.92
826			100			-115.92
827			100			-115.92
828			100			-115.92
829			100			-115.92
830			100			-115.93
831			100			-115.93
832			-1			-115.93
833			100			-115.92
834			100			-115.93
835			100			-115.93
836			100			-115.93
837			100			-115.93
838			100			-115.93
839			100			-115.93
840			100			-115.93
841			100			-115.93
842			100			-115.94
843			100			-115.93
844			-1			-115.94
845			100			-115.94
846			100			-115.94
847			100			-115.95
848			100			-115.94
849			100			-115.94
850			100			-115.94
851			100			-115.93
852			100			-115.93
853			100			-115.94
854			100			-115.93
855			100			-115.93
856			100			-115.93
857			100			-115.93
858			100			-115.93
859			100			-115.93
860			100			-115.93
861			100			-115.93
862			100			-115.93
863			100			-115.93
864			100			-115.93
865			100			-115.94
866			100			-115.94
867			100			-115.93
868			100			-115.93
869			100			-115.94
870			100			-115.93
871			100			-115.93
872			100			-115.93
873			100			-115.93
874			100			-115.93
875			100			-115.93
876			100			-115.93
877			100			-115.93
878			100			-115.93
879			100			-115.93
880			100			-115.92
881			100			-115.93
882			100			-115.92
883			100			-115.93
884			100			-115.92
885			100			-115.92
886			100			-115.93
887			100			-115.93
888			100			-115.92
889			100			-115.92
890			100			-115.92
891			100			-115.92
892			100			-115.93
893			100			-115.93
894			100			-115.93
895			100			-115.93
896			100			-115.93
897			100			-115.93
898			100			-115.92
899			100			-115.92
900			100			-115.93
901			100			-115.92
902			100			-115.93
903			100			-115.93
904			100			-115.93
905			100			-115.93
906			100			-115.93
907			100			-115.92
908			100			-115.92
909			100			-115.92
910			100			-115.92
911			100			-115.92
912			100			-115.92
913			100			-115.92
914			100			-115.91
915			100			-115.91
916			100			-115.91
917			100			-115.91
918			100			-115.91
919			100			-115.92
920			100			-115.91
921			100			-115.91
922			100			-115.91
923			100			-115.91
924			100			-115.92
925			100			-115.92
926			100			-115.92
927			100			-115.92
928			100			-115.92
929			100			-115.93
930			100			-115.92
931			100			-115.92
932			100			-115.93
933			100			-115.93
934			100			-115.93
935			100			-115.93
936			-1			-115.92
937			100			-115.93
938			100			-115.93
939			100			-115.93
940			-1			-115.94
941			100			-115.93
942			100			-115.93
943			100			-115.94
944			100			-115.94
945			100			-115.94
946			100			-115.94
947			100			-115.94
948			100			-115.94
949			100			-115.95
950			100			-115.95
951			100			-115.95
952			100			-115.94
953			100			-115.94
954			100			-115.94
955			100			-115.94
956			100			-115.94
957			100			-115.94
958			100			-115.95
959			100			-115.95
960			100			-115.95
961			100			-115.95
962			100			-115.95
963			100			-115.95
964			-1			-115.95
965			100			-115.95
966			100			-115.95
967			100			-115.95
968			100			-115.96
969			100			-115.96
970			100			-115.96
971			100			-115.95
972			100			-115.96
973			100			-115.96
974			100			-115.96
975			100			-115.96
976			100			-115.96
977			100			-115.96
978			100			-115.97
979			100			-115.96
980			100			-115.96
981			100			-115.96
982			100			-115.97
983			100			-115.97
984			100			-115.97
985			100			-115.97
986			100			-115.97
987			100			-115.97
988			-1			-115.97
989			100			-115.97
990			100			-115.96
991			100			-115.97
992			100			-115.97
993			100			-115.97
994			100			-115.97
995			100			-115.97
996			100			-115.97
997			100			-115.96
998			100			-115.97
999			100			-115.96
1000			100			-115.96
1001			100			-115.96
1002			100			-115.96
1003			100			-115.96
1004			100			-115.96
1005			100			-115.96
1006			100			-115.96
1007			100			-115.96
1008			-1			-115.96
1009			100			-115.96
1010			100			-115.96
1011			100			-115.95
1012			100			-115.95
1013			100			-115.96
1014			100			-115.95
1015			100			-115.95
1016			100			-115.94
1017			100			-115.95
1018			100			-115.95
1019			100			-115.96
1020			100			-115.96
1021			100			-115.96
1022			100			-115.96
1023			100			-115.96
1			197			-116.02
2			197			-116.02
3			197			-116.02
4			197			-116.02
5			198			-116.01
6			198			-116.01
7			198			-116.01
8			198			-116.02
9			198			-116.02
10			198			-116.02
11			198			-116.02
12			198			-116.02
13			198			-116.02
14			198			-116.02
15			198			-116.02
16			198			-116.01
17			198			-116
18			198			-116
19			198			-116
20			198			-116
21			198			-116
22			198			-116
23			197			-116
24			197			-115.99
25			197			-115.99
26			197			-115.99
27			197			-115.99
28			197			-115.99
29			197			-115.98
30			197			-115.99
31			197			-115.99
32			197			-115.99
33			197			-116
34			197			-115.99
35			197			-115.99
36			197			-115.99
37			197			-116
38			197			-115.99
39			197			-115.99
40			197			-115.99
41			197			-115.98
42			197			-115.98
43			197			-115.98
44			197			-115.98
45			197			-115.98
46			197			-115.98
47			197			-115.98
48			197			-115.98
49			197			-115.98
50			197			-115.99
51			197			-115.98
52			197			-115.99
53			197			-115.99
54			197			-115.99
55			-1			-115.99
56			197			-115.99
57			197			-115.99
58			197			-115.98
59			197			-115.98
60			198			-115.98
61			197			-115.98
62			197			-115.98
63			197			-115.98
64			-1			-115.98
65			197			-115.98
66			197			-115.98
67			-1			-115.97
68			197			-115.98
69			197			-115.98
70			197			-115.98
71			197			-115.98
72			197			-115.98
73			197			-115.97
74			197			-115.97
75			198			-115.98
76			198			-115.98
77			198			-115.97
78			198			-115.97
79			198			-115.97
80			198			-115.97
81			197			-115.97
82			197			-115.97
83			197			-115.97
84			197			-115.97
85			197			-115.97
86			197			-115.97
87			197			-115.97
88			197			-115.97
89			197			-115.98
90			197			-115.98
91			197			-115.98
92			-1			-115.98
93			197			-115.98
94			197			-115.98
95			197			-115.98
96			197			-115.98
97			197			-115.98
98			197			-115.98
99			197			-115.98
100			197			-115.98
101			197			-115.98
102			197			-115.98
103			197			-115.98
104			197			-115.97
105			197			-115.97
106			197			-115.97
107			197			-115.97
108			197			-115.96
109			197			-115.96
110			197			-115.95
111			197			-115.95
112			197			-115.95
113			197			-115.95
114			197			-115.95
115			197			-115.95
116			197			-115.95
117			197			-115.94
118			197			-115.95
119			197			-115.95
120			197			-115.95
121			197			-115.95
122			197			-115.95
123			197			-115.95
124			197			-115.95
125			197			-115.94
126			197			-115.94
127			198			-115.94
128			198			-115.94
129			198			-115.94
130			198			-115.95
131			197			-115.95
132			197			-115.95
133			197			-115.95
134			197			-115.94
135			197			-115.94
136			197			-115.94
137			197			-115.94
138			197			-115.94
139			197			-115.93
140			197			-115.93
141			197			-115.94
142			197			-115.93
143			197			-115.93
144			197			-115.93
145			197			-115.93
146			198			-115.93
147			198			-115.93
148			198			-115.93
149			198			-115.92
150			198			-115.92
151			198			-115.92
152			198			-115.92
153			198			-115.92
154			198			-115.93
155			198			-115.92
156			198			-115.92
157			198			-115.92
158			198			-115.92
159			198			-115.92
160			198			-115.92
161			198			-115.92
162			198			-115.92
163			198			-115.92
164			198			-115.92
165			198			-115.91
166			198			-115.91
167			198			-115.91
168			198			-115.91
169			198			-115.91
170			198			-115.91
171			198			-115.91
173			198			-115.91
174			198			-115.9
175			198			-115.9
176			198			-115.9
177			198			-115.9
178			198			-115.9
179			198			-115.9
180			198			-115.9
181			198			-115.9
182			197			-115.91
183			197			-115.91
184			197			-115.91
185			197			-115.91
186			-1			-115.91
187			197			-115.92
188			197			-115.92
189			197			-115.92
190			197			-115.92
191			197			-115.92
192			197			-115.92
193			197			-115.92
194			197			-115.92
195			197			-115.91
196			197			-115.91
197			197			-115.92
198			197			-115.92
199			197			-115.91
200			197			-115.91
201			197			-115.91
202			197			-115.9
203			197			-115.9
204			197			-115.9
205			197			-92.825
206			197			-92.82
207			197			-92.818
208			197			-92.816
209			197			-92.814
210			197			-92.816
211			197			-92.807
212			197			-92.808
213			197			-92.809
214			197			-92.811
215			197			-92.816
216			197			-92.818
217			197			-92.817
218			198			-92.818
219			198			-92.82
220			198			-92.82
221			198			-92.821
222			198			-92.825
223			198			-92.828
224			197			-92.824
225			197			-92.824
226			197			-92.823
227			197			-92.825
228			197			-92.828
229			197			-92.831
230			197			-92.832
231			197			-92.83
232			197			-92.835
233			197			-92.834
234			197			-92.833
235			197			-92.833
236			197			-92.837
237			197			-92.839
238			197			-92.836
239			197			-92.835
240			197			-92.832
241			197			-92.833
242			197			-92.834
243			197			-92.827
244			197			-92.823
245			197			-92.823
246			197			-92.824
247			197			-92.821
248			197			-92.821
249			197			-92.819
250			197			-92.821
251			197			-92.82
252			197			-92.816
253			197			-92.815
254			197			-92.817
255			197			-92.818
256			197			-92.814
257			197			-92.811
258			197			-92.808
259			197			-92.806
260			197			-92.809
261			197			-92.807
262			197			-92.812
263			197			-92.815
264			198			-92.818
265			198			-92.816
266			197			-92.813
267			197			-92.811
268			197			-92.813
269			197			-92.815
270			197			-92.814
271			197			-92.81
272			197			-92.814
273			197			-92.814
274			197			-92.817
275			197			-92.817
276			197			-92.815
277			197			-92.812
278			197			-92.81
279			197			-92.807
280			197			-92.804
281			197			-92.799
282			198			-92.799
283			198			-92.797
284			198			-92.792
285			198			-92.797
286			197			-92.798
287			197			-92.799
288			197			-92.802
289			197			-92.805
290			197			-92.802
291			197			-92.801
292			197			-92.802
293			197			-92.799
294			197			-92.792
295			197			-92.795
296			197			-92.805
297			197			-92.797
298			197			-92.803
299			197			-92.806
300			197			-92.807
301			197			-92.804
302			197			-92.809
303			197			-92.808
304			197			-92.81
305			197			-92.813
306			197			-92.808
307			197			-92.808
308			197			-92.805
309			197			-92.803
310			197			-92.804
311			197			-92.806
312			197			-92.811
313			197			-92.814
314			197			-92.816
315			197			-92.816
316			197			-92.82
317			197			-92.82
318			197			-92.816
319			197			-92.819
320			197			-92.819
321			197			-92.823
322			197			-92.816
323			197			-92.814
324			197			-92.812
325			197			-92.811
326			197			-92.807
327			197			-92.81
328			197			-92.81
329			197			-92.81
330			197			-92.813
331			197			-92.812
332			197			-92.809
333			198			-92.81
334			198			-92.812
335			198			-92.811
336			198			-92.809
337			198			-92.817
338			198			-92.817
339			198			-92.818
340			197			-92.822
341			197			-92.822
342			197			-92.826
343			197			-92.827
344			197			-92.828
345			197			-92.825
346			197			-92.816
347			197			-92.81
348			197			-92.809
349			197			-92.812
350			197			-92.808
351			197			-92.812
352			197			-92.818
353			197			-92.824
354			197			-92.833
355			197			-92.833
356			197			-92.835
357			198			-92.832
358			198			-92.835
359			197			-92.842
360			197			-92.848
361			197			-92.853
362			197			-92.86
363			197			-92.86
364			197			-92.861
365			197			-92.861
366			197			-92.863
367			197			-92.856
368			197			-92.852
369			197			-92.855
370			198			-92.857
371			198			-92.86
372			198			-92.864
373			198			-92.863
374			198			-92.861
375			198			-92.863
376			198			-92.865
377			198			-92.868
378			198			-92.865
379			198			-92.865
380			198			-92.86
381			198			-92.86
382			197			-92.866
383			197			-92.865
384			197			-92.865
385			197			-92.867
386			197			-92.861
387			197			-92.861
388			197			-92.86
389			197			-92.864
390			197			-92.863
391			197			-92.864
392			197			-92.864
393			197			-92.865
394			197			-92.862
395			197			-92.854
396			-1			-92.856
397			197			-92.851
398			197			-92.85
399			-1			-92.844
400			197			-92.839
401			197			-92.841
402			197			-92.843
403			197			-92.842
404			197			-92.836
405			197			-92.835
406			197			-92.837
407			197			-93.081
408			197			-93.083
409			197			-93.085
410			197			-93.086
411			197			-93.084
412			197			-93.085
413			197			-93.079
414			197			-93.083
415			197			-93.083
416			197			-93.079
417			197			-93.078
418			197			-93.079
419			197			-93.08
420			197			-93.078
421			197			-93.083
422			197			-93.082
423			197			-93.083
424			197			-93.08
425			197			-93.081
426			197			-93.086
427			197			-93.084
428			197			-93.081
429			197			-93.079
430			197			-93.08
431			197			-93.08
432			197			-93.083
433			-1			-93.076
434			197			-93.075
435			197			-93.075
436			197			-93.076
437			197			-93.079
438			197			-93.082
439			197			-93.076
440			197			-93.078
441			197			-93.075
442			197			-93.068
443			197			-93.075
444			197			-93.076
445			197			-93.075
446			197			-93.07
447			197			-93.067
448			197			-93.065
449			197			-93.064
450			197			-93.066
451			197			-93.065
452			197			-93.064
453			197			-93.065
454			197			-93.063
455			197			-93.064
456			197			-93.065
457			197			-93.063
458			197			-93.064
459			198			-93.067
460			198			-93.067
461			198			-93.059
462			198			-93.054
463			197			-93.047
464			197			-93.043
465			197			-93.041
466			197			-93.041
467			197			-93.039
468			197			-93.041
469			197			-93.042
470			197			-93.046
471			197			-93.049
472			197			-93.043
473			197			-93.04
474			197			-93.038
475			197			-93.034
476			197			-93.035
477			197			-93.037
478			197			-93.039
479			197			-93.041
480			197			-93.039
481			197			-93.034
482			197			-93.035
483			197			-93.033
484			197			-93.029
485			197			-93.024
486			197			-93.022
487			197			-93.022
488			197			-93.023
489			197			-93.024
490			198			-93.02
491			197			-93.021
492			197			-93.019
493			197			-93.016
494			197			-93.017
495			197			-93.02
496			197			-93.022
497			197			-93.026
498			197			-93.025
499			197			-93.024
500			197			-93.023
501			197			-93.026
502			198			-93.028
503			197			-93.021
504			197			-93.021
505			197			-93.017
506			197			-93.016
507			-1			-93.018
508			197			-93.024
509			197			-93.025
510			197			-93.025
511			197			-93.023
512			197			-93.026
513			197			-93.025
514			197			-93.026
515			197			-93.028
516			197			-93.027
517			197			-93.02
518			197			-93.022
519			197			-93.023
520			197			-93.024
521			197			-93.022
522			197			-93.018
523			197			-93.015
524			197			-93.015
525			197			-93.01
526			197			-93.009
527			197			-93.009
528			197			-93.014
529			197			-93.013
530			197			-93.014
531			197			-93.011
532			197			-93.011
533			197			-93.013
534			197			-93.007
535			197			-93.006
536			197			-93.006
537			197			-93.01
538			197			-93.011
539			197			-93.007
540			197			-93.005
541			197			-93.003
542			197			-93.004
543			197			-93.004
544			197			-93.007
545			197			-93.009
546			197			-93.001
547			197			-92.998
548			197			-93.002
549			197			-93.006
550			197			-93.009
551			197			-93.01
552			197			-93.01
553			197			-93.012
554			197			-93.009
555			197			-93.005
556			198			-93.009
557			198			-93.008
558			198			-93.006
559			198			-93.005
560			198			-93.009
561			198			-93.005
562			198			-92.999
563			198			-93.001
564			198			-93.004
565			198			-93.004
566			198			-93.006
567			197			-93.007
568			197			-93.008
569			197			-93.009
570			197			-93.008
571			197			-93.008
572			197			-93.008
573			197			-93.011
574			197			-93.009
575			197			-93.01
576			197			-93.011
577			197			-93.004
578			197			-93.006
579			197			-93.009
580			197			-93.017
581			197			-93.018
582			198			-93.022
583			198			-93.021
584			198			-93.019
585			198			-93.018
586			198			-93.019
587			198			-93.01
588			198			-93.015
589			198			-93.017
590			198			-93.013
591			-1			-93.01
592			197			-93.005
593			197			-93.008
594			197			-93.003
595			197			-93.004
596			197			-93.005
597			197			-93.003
598			197			-93.002
599			197			-93
600			197			-93.002
601			197			-93
602			197			-92.996
603			197			-92.993
604			197			-93.006
605			197			-93.01
606			197			-93.014
607			197			-93.771
608			197			-93.772
609			197			-93.777
610			197			-93.775
611			197			-93.776
612			197			-93.78
613			197			-93.786
614			197			-93.784
615			197			-93.787
616			-1			-93.788
617			197			-93.785
618			197			-93.786
619			197			-93.789
620			197			-93.795
621			197			-93.791
622			197			-93.792
623			197			-93.794
624			197			-93.794
625			197			-93.796
626			197			-93.802
627			197			-93.802
628			197			-93.801
629			197			-93.803
630			197			-93.801
631			197			-93.806
632			197			-93.803
633			197			-93.805
634			198			-93.805
635			198			-93.806
636			198			-93.806
637			198			-93.8
638			198			-93.801
639			198			-93.804
640			197			-93.806
641			197			-93.807
642			197			-93.806
643			197			-93.806
644			197			-93.807
645			197			-93.803
646			197			-93.797
647			197			-93.79
648			197			-93.788
649			197			-93.784
650			-1			-93.784
651			197			-93.781
652			197			-93.782
653			197			-93.779
654			197			-93.785
655			197			-93.779
656			197			-93.782
657			197			-93.781
658			197			-93.784
659			197			-93.787
660			197			-93.787
661			197			-93.782
662			197			-93.781
663			197			-93.782
664			197			-93.781
665			197			-93.783
666			197			-93.79
667			197			-93.793
668			197			-93.792
669			197			-93.786
670			198			-93.787
671			198			-93.786
672			198			-93.787
673			198			-93.781
674			198			-93.781
675			198			-93.785
676			198			-93.777
677			198			-93.771
678			198			-93.767
679			198			-93.77
680			198			-93.771
681			198			-93.775
682			198			-93.777
683			198			-93.782
684			198			-93.78
685			198			-93.777
686			198			-93.779
687			198			-93.778
688			198			-93.778
689			198			-93.778
690			198			-93.777
691			198			-93.782
692			198			-93.782
693			198			-93.787
694			198			-93.784
695			198			-93.783
696			198			-93.779
697			198			-93.774
698			198			-93.773
699			198			-93.773
700			198			-93.775
701			198			-93.775
702			198			-93.773
703			197			-93.778
704			197			-93.772
705			197			-93.769
706			197			-93.762
707			197			-93.762
708			197			-93.766
709			197			-93.762
710			197			-93.767
711			197			-93.766
712			197			-93.77
713			197			-93.774
714			197			-93.778
715			197			-93.773
716			197			-93.768
717			197			-93.765
718			197			-93.768
719			197			-93.767
720			197			-93.764
721			197			-93.76
722			197			-93.759
723			197			-93.759
724			197			-93.758
725			197			-93.754
726			197			-93.754
727			197			-93.755
728			197			-93.756
729			197			-93.757
730			197			-93.763
731			197			-93.763
732			197			-93.752
733			197			-93.755
734			198			-93.757
735			198			-93.756
736			198			-93.755
737			198			-93.755
738			198			-93.752
739			198			-93.754
740			198			-93.749
741			198			-93.748
742			198			-93.753
743			197			-93.757
744			197			-93.757
745			197			-93.756
746			197			-93.752
747			197			-93.748
748			197			-93.749
749			197			-93.745
750			197			-93.745
751			197			-93.74
752			197			-93.741
753			197			-93.743
754			197			-93.751
755			197			-93.753
756			197			-93.755
757			198			-93.758
758			198			-93.76
759			197			-93.762
760			197			-93.762
761			197			-93.758
762			197			-93.755
763			197			-93.759
764			197			-93.761
765			197			-93.761
766			197			-93.756
767			197			-93.756
768			197			-93.756
769			-1			-93.751
770			197			-93.749
771			197			-93.751
772			197			-93.751
773			197			-93.747
774			197			-93.746
775			197			-93.742
776			197			-93.742
777			197			-93.742
778			197			-93.746
779			197			-93.74
780			197			-93.737
781			197			-93.735
782			197			-93.739
783			197			-93.737
784			197			-93.74
785			197			-93.736
786			197			-93.733
787			197			-93.733
788			197			-93.739
789			197			-93.738
790			197			-93.741
791			197			-93.743
792			197			-93.745
793			-1			-93.742
794			197			-93.743
795			197			-93.743
796			197			-93.741
797			197			-93.747
798			197			-93.75
799			197			-93.749
800			197			-93.749
801			197			-93.748
802			197			-93.751
803			197			-93.752
804			197			-93.748
805			197			-93.747
806			197			-93.744
807			197			-93.773
808			197			-93.779
809			197			-93.775
810			197			-93.773
811			197			-93.772
812			197			-93.774
813			197			-93.773
814			197			-93.773
815			197			-93.77
816			197			-93.769
817			197			-93.771
818			197			-93.767
819			197			-93.766
820			197			-93.768
821			197			-93.764
822			197			-93.763
823			197			-93.758
824			197			-93.755
825			197			-93.755
826			197			-93.753
827			197			-93.755
828			197			-93.752
829			197			-93.75
830			197			-93.755
831			197			-93.757
832			197			-93.755
833			197			-93.748
834			197			-93.75
835			197			-93.749
836			197			-93.749
837			198			-93.747
838			198			-93.744
839			198			-93.742
840			198			-93.745
841			198			-93.755
842			198			-93.756
843			-1			-93.748
844			198			-93.746
845			198			-93.748
846			198			-93.749
847			198			-93.751
848			198			-93.752
849			198			-93.755
850			198			-93.752
851			198			-93.753
852			197			-93.752
853			197			-93.744
854			197			-93.743
855			197			-93.743
856			197			-93.741
857			197			-93.743
858			197			-93.745
859			197			-93.741
860			197			-93.742
861			197			-93.737
862			197			-93.739
863			197			-93.738
864			197			-93.737
865			197			-93.741
866			197			-93.748
867			197			-93.75
868			197			-93.751
869			197			-93.75
870			197			-93.746
871			197			-93.749
872			197			-93.748
873			197			-93.743
874			197			-93.741
875			197			-93.742
876			197			-93.746
877			197			-93.744
878			197			-93.743
879			197			-93.74
880			197			-93.745
881			197			-93.75
882			197			-93.751
883			197			-93.75
884			197			-93.753
885			197			-93.757
886			197			-93.751
887			197			-93.748
888			197			-93.746
889			197			-93.753
890			198			-93.755
891			198			-93.758
892			198			-93.755
893			198			-93.758
894			198			-93.757
895			198			-93.752
896			198			-93.755
897			198			-93.757
898			198			-93.758
899			198			-93.757
900			198			-93.758
901			198			-93.757
902			198			-93.755
903			198			-93.759
904			198			-93.761
905			198			-93.756
906			198			-93.756
907			198			-93.753
908			198			-93.756
909			198			-93.757
910			198			-93.753
911			198			-93.752
912			198			-93.754
913			198			-93.767
914			198			-93.765
915			198			-93.766
916			197			-93.761
917			197			-93.765
918			197			-93.764
919			197			-93.766
920			197			-93.759
921			197			-93.762
922			197			-93.767
923			197			-93.766
924			197			-93.773
925			197			-93.774
926			197			-93.772
927			197			-93.769
928			197			-93.768
929			197			-93.768
930			197			-93.767
931			197			-93.767
932			197			-93.769
933			197			-93.773
934			197			-93.772
935			197			-93.768
936			197			-93.77
937			197			-93.765
938			197			-93.764
939			197			-93.758
940			198			-93.758
941			198			-93.752
942			198			-93.755
943			198			-93.747
944			198			-93.745
945			198			-93.741
946			197			-93.746
947			197			-93.749
948			197			-93.741
949			197			-93.737
950			197			-93.734
951			197			-93.733
952			197			-93.734
953			197			-93.735
954			197			-93.736
955			197			-93.735
956			197			-93.73
957			197			-93.731
958			197			-93.733
959			197			-93.732
960			197			-93.729
961			197			-93.725
962			197			-93.726
963			197			-93.725
964			197			-93.723
965			197			-93.723
966			197			-93.714
967			198			-93.709
968			198			-93.705
969			198			-93.706
970			197			-93.701
971			197			-93.702
972			197			-93.704
973			197			-93.712
974			197			-93.71
975			197			-93.713
976			197			-93.716
977			197			-93.717
978			197			-93.715
979			197			-93.716
980			197			-93.711
982			197			-93.71
983			197			-93.713
984			197			-93.719
985			197			-93.722
986			197			-93.725
987			197			-93.723
988			197			-93.717
989			197			-93.717
990			197			-93.718
991			197			-93.722
992			197			-93.724
993			-1			-93.726
994			197			-93.728
995			197			-93.728
996			197			-93.732
997			197			-93.735
998			197			-93.742
999			197			-93.739
1000			197			-93.74
1001			197			-93.736
1002			197			-93.737
1003			197			-93.735
1004			197			-93.733
1005			197			-93.728
1006			197			-93.726
1007			197			-93.728
1008			197			-93.729
1009			197			-94.204
1010			197			-94.21
1011			197			-94.211
1012			197			-94.213
1013			197			-94.208
1014			197			-94.206
1015			197			-94.207
1016			197			-94.203
1017			197			-94.206
1018			197			-94.204
1019			197			-94.207
1020			198			-94.202
1021			198			-94.201
1022			198			-94.202
1023			198			-94.203
1			296			-94.202
2			296			-94.206
3			296			-94.208
4			294			-94.213
5			294			-94.211
6			294			-94.206
7			294			-94.205
8			294			-94.2
9			294			-94.201
10			294			-94.204
11			294			-94.205
12			294			-94.206
13			294			-94.2
14			294			-94.201
15			294			-94.204
16			294			-94.206
17			294			-94.207
18			294			-94.207
19			294			-94.204
20			294			-94.208
21			294			-94.209
22			294			-94.211
23			294			-94.215
24			294			-94.219
25			294			-94.22
26			294			-94.219
27			294			-94.223
28			294			-94.223
29			294			-94.224
30			294			-94.221
31			294			-94.223
32			294			-94.224
33			294			-94.226
34			294			-94.226
35			294			-94.219
36			294			-94.227
37			294			-94.223
38			294			-94.219
39			294			-94.219
40			294			-94.216
41			294			-94.225
42			294			-94.222
43			294			-94.226
44			294			-94.223
45			294			-94.218
46			294			-94.213
47			294			-94.21
48			294			-94.212
49			294			-94.211
50			294			-94.216
51			294			-94.213
52			294			-94.215
53			294			-94.215
54			294			-94.211
55			294			-94.211
56			294			-94.213
57			294			-94.21
58			294			-94.213
59			294			-94.215
60			-1			-94.219
61			294			-94.221
62			294			-94.222
63			294			-94.223
64			294			-94.224
65			294			-94.225
66			294			-94.233
67			294			-94.228
68			294			-94.227
69			294			-94.232
70			294			-94.232
71			-1			-94.228
72			294			-94.224
73			294			-94.222
74			294			-94.22
75			294			-94.222
76			294			-94.217
77			294			-94.221
78			294			-94.22
79			294			-94.224
80			294			-94.228
81			296			-94.23
82			-1			-94.222
83			294			-94.221
84			294			-94.223
85			294			-94.226
86			294			-94.225
87			294			-94.226
88			294			-94.226
89			294			-94.218
90			294			-94.216
91			294			-94.213
92			294			-94.217
93			294			-94.22
94			294			-94.216
95			294			-94.211
96			294			-94.209
97			294			-94.205
98			294			-94.201
99			294			-94.205
100			294			-94.217
101			294			-94.219
102			294			-94.22
103			294			-94.22
104			294			-94.217
105			294			-94.218
106			294			-94.217
107			294			-94.22
108			294			-94.216
109			294			-94.215
110			294			-94.216
111			294			-94.221
112			294			-94.222
113			294			-94.225
114			294			-94.227
115			294			-94.227
116			294			-94.227
117			-1			-94.227
118			294			-94.225
119			294			-94.223
120			294			-94.218
121			294			-94.214
122			296			-94.219
123			296			-94.221
124			294			-94.229
125			294			-94.228
126			294			-94.226
127			294			-94.225
128			294			-94.236
129			294			-94.241
130			294			-94.236
131			294			-94.238
132			294			-94.24
133			294			-94.245
134			294			-94.241
135			294			-94.241
136			294			-94.239
137			294			-94.238
138			294			-94.232
139			294			-94.235
140			294			-94.237
141			294			-94.245
142			294			-94.243
143			-1			-94.247
144			294			-94.251
145			294			-94.251
146			294			-94.248
147			294			-94.248
148			294			-94.248
149			294			-94.249
150			294			-94.246
151			294			-94.245
152			294			-94.25
153			294			-94.248
154			294			-94.248
155			-1			-94.243
156			294			-94.245
157			294			-94.246
158			294			-94.246
159			294			-94.246
160			294			-94.25
161			294			-94.254
162			294			-94.256
163			294			-94.253
164			294			-94.249
165			294			-94.243
166			294			-94.242
167			294			-94.245
168			294			-94.247
169			294			-94.25
170			294			-94.251
171			294			-94.251
172			294			-94.255
173			294			-94.255
174			294			-94.254
175			294			-94.249
176			294			-94.254
177			294			-94.253
178			294			-94.252
179			294			-94.253
180			294			-94.25
181			294			-94.253
182			294			-94.248
183			294			-94.252
184			294			-94.254
185			294			-94.256
186			294			-68.111
187			294			-68.113
188			294			-68.105
189			294			-68.108
190			294			-68.109
191			294			-68.104
192			294			-68.108
193			-1			-68.107
194			294			-68.108
195			294			-68.11
196			294			-68.111
197			294			-68.11
198			294			-68.108
199			294			-68.111
200			294			-68.106
201			294			-68.104
202			294			-68.107
203			294			-68.104
204			294			-68.104
205			294			-68.107
206			294			-68.108
207			294			-68.108
208			294			-68.109
209			294			-68.109
210			294			-68.107
211			294			-68.106
212			294			-68.106
213			294			-68.103
214			296			-68.107
215			296			-68.11
216			296			-68.105
217			296			-68.102
218			294			-68.105
219			294			-68.102
220			-1			-68.106
221			294			-68.11
222			294			-68.114
223			294			-68.112
224			294			-68.111
225			294			-68.115
226			294			-68.119
227			294			-68.121
228			-1			-68.122
229			294			-68.115
230			294			-68.118
231			294			-68.12
232			294			-68.124
233			294			-68.123
234			294			-68.13
235			294			-68.138
236			294			-68.138
237			294			-68.134
238			294			-68.138
239			294			-68.141
240			294			-68.138
241			294			-68.137
242			-1			-68.139
243			294			-68.142
244			294			-68.145
245			294			-68.144
246			294			-68.144
247			294			-68.142
248			-1			-68.139
249			294			-68.135
250			294			-68.137
251			294			-68.134
252			294			-68.137
253			294			-68.142
254			294			-68.143
255			294			-68.141
256			294			-68.139
257			294			-68.143
258			294			-68.143
259			294			-68.144
260			294			-68.144
261			294			-68.144
262			294			-68.146
263			294			-68.145
264			294			-68.144
265			294			-68.14
266			-1			-68.14
267			294			-68.137
268			294			-68.136
269			294			-68.136
270			294			-68.138
271			294			-68.139
272			294			-68.144
273			294			-68.146
274			294			-68.15
275			294			-68.152
276			294			-68.151
277			294			-68.153
278			294			-68.153
279			294			-68.156
280			294			-68.157
281			294			-68.155
282			294			-68.156
283			294			-68.156
284			294			-68.159
285			296			-68.155
286			296			-68.148
287			294			-68.153
288			294			-68.149
289			294			-68.146
290			294			-68.145
291			294			-68.152
292			294			-68.156
293			294			-68.158
294			294			-68.156
295			294			-68.158
296			294			-68.155
297			294			-68.162
298			294			-68.165
299			294			-68.167
300			294			-68.173
301			294			-68.171
302			294			-68.166
303			294			-68.167
304			294			-68.169
305			294			-68.164
306			294			-68.164
307			294			-68.169
308			294			-68.171
309			294			-68.175
310			294			-68.171
311			294			-68.174
312			294			-68.177
313			294			-68.176
314			294			-68.181
315			294			-68.177
316			294			-68.177
317			294			-68.176
318			294			-68.18
319			294			-68.176
320			294			-68.178
321			294			-68.173
322			294			-68.173
323			294			-68.177
324			-1			-68.18
325			294			-68.183
326			294			-68.177
327			294			-68.178
328			294			-68.175
329			294			-68.172
330			294			-68.166
331			294			-68.166
332			294			-68.166
333			294			-68.17
334			294			-68.172
335			294			-68.174
336			294			-68.176
337			294			-68.17
338			294			-68.168
339			294			-68.166
340			294			-68.169
341			294			-68.171
342			294			-68.174
343			294			-68.171
344			294			-68.171
345			294			-68.174
346			294			-68.181
347			294			-68.178
348			294			-68.175
349			294			-68.168
350			294			-68.167
351			294			-68.168
352			294			-68.167
353			294			-68.17
354			294			-68.167
355			294			-68.17
356			294			-68.174
357			294			-68.174
358			294			-68.175
359			294			-68.172
360			294			-68.171
361			294			-68.166
362			294			-68.169
363			294			-68.169
364			294			-68.168
365			294			-68.156
366			294			-68.157
367			294			-68.157
368			294			-68.153
369			294			-68.152
370			294			-68.154
371			294			-68.158
372			294			-68.155
373			294			-68.157
374			294			-68.152
375			294			-68.152
376			294			-68.149
377			294			-68.15
378			294			-68.153
379			294			-68.155
380			294			-68.152
381			294			-68.153
382			294			-68.151
383			294			-68.156
384			294			-68.157
385			294			-68.157
386			294			-67.806
387			294			-67.806
388			294			-67.803
389			296			-67.805
390			296			-67.806
391			296			-67.802
392			296			-67.796
393			296			-67.797
394			296			-67.804
395			296			-67.807
396			296			-67.803
397			296			-67.802
398			296			-67.807
399			296			-67.804
400			296			-67.805
401			296			-67.804
402			296			-67.805
403			296			-67.803
404			296			-67.805
405			296			-67.802
406			296			-67.801
407			294			-67.805
408			294			-67.807
409			294			-67.811
410			294			-67.81
411			294			-67.812
412			294			-67.81
413			294			-67.814
414			294			-67.815
415			294			-67.818
416			294			-67.811
417			294			-67.806
418			294			-67.807
419			294			-67.811
420			294			-67.811
421			294			-67.811
422			294			-67.806
423			294			-67.808
424			294			-67.809
425			294			-67.814
426			294			-67.816
427			294			-67.821
428			294			-67.821
429			294			-67.819
430			294			-67.828
431			294			-67.824
432			294			-67.821
433			294			-67.82
434			294			-67.817
435			294			-67.817
436			294			-67.82
437			294			-67.825
438			294			-67.819
439			294			-67.815
440			294			-67.812
441			294			-67.816
442			294			-67.82
443			294			-67.815
444			294			-67.816
445			294			-67.815
446			294			-67.818
447			294			-67.816
448			294			-67.821
449			294			-67.82
450			-1			-67.817
451			294			-67.813
452			294			-67.816
453			294			-67.813
454			294			-67.813
455			294			-67.811
456			294			-67.817
457			294			-67.817
458			294			-67.816
459			294			-67.816
460			294			-67.82
461			294			-67.826
462			294			-67.833
463			294			-67.836
464			294			-67.837
465			294			-67.832
466			294			-67.832
467			294			-67.834
468			294			-67.83
469			294			-67.829
470			294			-67.822
471			294			-67.822
472			294			-67.822
473			294			-67.826
474			294			-67.834
475			-1			-67.83
476			294			-67.837
477			294			-67.838
478			294			-67.838
479			294			-67.842
480			294			-67.844
481			294			-67.844
482			294			-67.847
483			294			-67.852
484			294			-67.857
485			294			-67.858
486			294			-67.855
487			294			-67.86
488			294			-67.861
489			294			-67.861
490			294			-67.858
491			294			-67.858
492			294			-67.859
493			296			-67.86
494			296			-67.861
495			296			-67.863
496			296			-67.865
497			296			-67.865
498			296			-67.861
499			296			-67.859
500			296			-67.862
501			296			-67.862
502			296			-67.863
503			296			-67.867
504			296			-67.865
505			296			-67.866
506			296			-67.864
507			294			-67.866
508			294			-67.866
509			294			-67.863
510			294			-67.864
511			294			-67.868
512			294			-67.864
513			294			-67.867
514			294			-67.869
515			294			-67.871
516			294			-67.868
517			294			-67.868
518			294			-67.867
519			294			-67.866
520			294			-67.866
521			294			-67.862
522			294			-67.861
523			294			-67.859
524			294			-67.852
525			294			-67.852
526			294			-67.849
527			294			-67.848
528			294			-67.854
529			294			-67.857
530			294			-67.862
531			294			-67.86
532			-1			-67.854
533			294			-67.849
534			294			-67.849
535			294			-67.846
536			294			-67.844
537			294			-67.838
538			294			-67.835
539			294			-67.835
540			294			-67.834
541			294			-67.835
542			294			-67.831
543			294			-67.831
544			294			-67.83
545			294			-67.827
546			294			-67.823
547			294			-67.826
548			294			-67.821
549			294			-67.819
550			294			-67.818
551			294			-67.819
552			294			-67.817
553			294			-67.817
554			294			-67.813
555			294			-67.81
556			294			-67.807
557			-1			-67.803
558			294			-67.815
559			294			-67.81
560			294			-67.809
561			294			-67.807
562			294			-67.809
563			294			-67.81
564			294			-67.811
565			294			-67.812
566			294			-67.812
567			294			-67.809
568			294			-67.811
569			294			-67.816
570			294			-67.817
571			-1			-67.813
572			294			-67.81
573			294			-67.807
574			294			-67.81
575			294			-67.812
576			294			-67.815
577			294			-67.82
578			294			-67.82
579			294			-67.821
580			294			-67.821
581			296			-67.82
582			296			-67.822
583			296			-67.826
584			296			-67.828
585			296			-67.826
586			296			-67.82
587			296			-67.821
588			296			-67.821
589			296			-67.819
590			296			-67.817
591			296			-67.815
592			294			-67.809
593			294			-67.807
594			294			-67.806
595			294			-67.805
596			294			-67.804
597			294			-67.802
598			294			-67.804
599			294			-67.804
600			294			-67.8
601			294			-67.798
602			294			-67.801
603			294			-67.8
604			294			-67.794
605			294			-67.793
606			294			-67.794
607			294			-67.793
608			294			-67.796
609			294			-67.797
610			294			-67.8
611			294			-67.806
612			294			-67.81
613			294			-67.812
614			294			-67.807
615			294			-67.809
616			294			-67.811
617			294			-67.808
618			294			-67.806
619			294			-67.806
620			294			-67.806
621			294			-67.797
622			294			-67.793
623			294			-67.791
624			294			-67.791
625			294			-67.794
626			294			-67.797
627			294			-67.799
628			294			-67.8
629			294			-67.798
630			294			-67.799
631			294			-67.801
632			294			-67.805
633			294			-67.801
634			294			-67.796
635			294			-67.794
636			294			-67.793
637			294			-67.79
638			294			-67.799
639			294			-67.802
640			294			-67.8
641			294			-67.797
642			294			-67.801
643			294			-67.801
644			294			-67.797
645			294			-67.794
646			294			-67.795
647			294			-67.796
648			294			-67.795
649			294			-67.799
650			294			-67.801
651			294			-67.803
652			294			-67.801
653			294			-67.798
654			294			-67.798
655			294			-67.803
656			294			-67.804
657			294			-67.805
658			294			-67.81
659			294			-67.81
660			294			-67.807
661			296			-67.802
662			296			-67.801
663			296			-67.802
664			294			-67.802
665			296			-67.806
666			296			-67.805
667			296			-67.812
668			296			-67.808
669			296			-67.809
670			296			-67.812
671			296			-67.813
672			296			-67.809
673			296			-67.805
674			296			-67.803
675			296			-67.8
676			294			-67.804
677			294			-67.804
678			-1			-67.803
679			294			-67.802
680			294			-67.803
681			294			-67.807
682			-1			-67.806
683			294			-67.81
684			294			-67.808
685			294			-67.805
686			294			-67.807
687			294			-67.804
688			294			-67.803
689			294			-67.799
690			294			-67.799
691			294			-67.801
692			294			-67.8
693			294			-67.797
694			294			-67.801
695			294			-67.798
696			294			-67.794
697			294			-67.792
698			294			-67.793
699			294			-67.792
700			294			-67.797
701			294			-67.797
702			294			-67.799
703			294			-67.8
704			294			-67.802
705			294			-67.806
706			294			-67.809
707			294			-67.812
708			294			-67.812
709			294			-67.815
710			294			-67.818
711			294			-67.813
712			294			-67.809
713			294			-67.809
714			294			-67.81
715			294			-67.806
716			294			-67.804
717			294			-67.802
718			294			-67.804
719			294			-67.806
720			294			-67.806
721			294			-67.806
722			294			-67.81
723			294			-67.812
724			296			-67.81
725			296			-67.807
726			296			-67.806
727			296			-67.801
728			296			-67.807
729			296			-67.807
730			296			-67.807
731			294			-67.804
732			294			-67.804
733			294			-67.801
734			294			-67.806
735			294			-67.807
736			294			-67.809
737			294			-67.807
738			294			-67.805
739			294			-67.81
740			294			-67.811
741			294			-67.813
742			294			-67.816
743			294			-67.818
744			294			-67.822
745			294			-67.825
746			294			-67.826
747			294			-67.828
748			294			-67.826
749			294			-67.823
750			294			-67.824
751			294			-67.821
752			294			-67.822
753			294			-67.826
754			294			-67.829
755			294			-67.833
756			294			-67.838
757			294			-67.837
758			294			-67.835
759			294			-67.833
760			294			-67.84
761			294			-67.84
762			294			-67.844
763			294			-67.842
765			294			-67.841
766			294			-67.841
767			294			-67.843
768			294			-67.844
769			294			-67.85
770			-1			-67.854
771			294			-67.853
772			294			-67.858
773			294			-67.86
774			294			-67.865
775			294			-67.862
776			294			-67.861
777			294			-67.864
778			294			-67.867
779			294			-67.865
780			294			-67.86
781			294			-67.864
782			294			-67.863
783			294			-67.863
784			294			-67.855
785			294			-67.854
786			294			-67.852
787			296			-67.846
788			296			-67.495
789			296			-67.494
790			296			-67.495
791			296			-67.505
792			296			-67.505
793			296			-67.504
794			294			-67.5
795			294			-67.496
796			294			-67.497
797			294			-67.5
798			294			-67.502
799			294			-67.504
800			294			-67.501
801			294			-67.5
802			294			-67.503
803			294			-67.507
804			294			-67.513
805			294			-67.519
806			294			-67.52
807			294			-67.519
808			294			-67.519
809			294			-67.518
810			294			-67.512
811			294			-67.51
812			294			-67.507
813			294			-67.507
814			294			-67.506
815			294			-67.513
816			294			-67.519
817			294			-67.515
818			294			-67.509
819			294			-67.501
820			294			-67.502
821			294			-67.499
822			294			-67.501
823			294			-67.507
824			294			-67.509
825			294			-67.505
826			294			-67.502
827			294			-67.502
828			-1			-67.498
829			294			-67.494
830			294			-67.489
831			294			-67.493
832			-1			-67.497
833			294			-67.494
834			294			-67.493
835			294			-67.491
836			294			-67.49
837			-1			-67.491
838			294			-67.494
839			294			-67.5
840			294			-67.498
841			294			-67.495
842			294			-67.491
843			294			-67.489
844			294			-67.486
845			294			-67.49
846			294			-67.483
847			294			-67.485
848			294			-67.488
849			294			-67.492
850			294			-67.494
851			294			-67.492
852			294			-67.489
853			294			-67.486
854			294			-67.485
855			294			-67.483
856			-1			-67.479
857			294			-67.48
858			294			-67.48
859			294			-67.476
860			294			-67.474
861			294			-67.472
862			294			-67.468
863			294			-67.471
864			294			-67.473
865			294			-67.476
866			294			-67.48
867			294			-67.479
868			294			-67.48
869			294			-67.478
870			294			-67.482
871			294			-67.483
872			294			-67.483
873			294			-67.481
874			294			-67.483
875			294			-67.481
876			294			-67.478
877			294			-67.483
878			294			-67.489
879			294			-67.489
880			294			-67.49
881			296			-67.493
882			296			-67.494
883			296			-67.492
884			296			-67.493
885			296			-67.494
886			296			-67.495
887			296			-67.494
888			296			-67.497
889			296			-67.493
890			296			-67.492
891			296			-67.495
892			296			-67.495
893			296			-67.493
894			294			-67.489
895			296			-67.495
896			296			-67.496
897			296			-67.492
898			296			-67.49
899			296			-67.495
900			296			-67.496
901			294			-67.487
902			294			-67.491
903			294			-67.49
904			294			-67.49
905			294			-67.49
906			294			-67.491
907			294			-67.488
908			294			-67.487
909			-1			-67.486
910			294			-67.488
911			294			-67.49
912			294			-67.487
913			294			-67.49
914			294			-67.49
915			294			-67.489
916			294			-67.487
917			294			-67.488
918			294			-67.488
919			294			-67.486
920			294			-67.49
921			294			-67.488
922			294			-67.479
923			294			-67.483
924			294			-67.485
925			294			-67.489
926			294			-67.488
927			294			-67.484
928			294			-67.486
929			294			-67.482
930			294			-67.477
931			294			-67.477
932			294			-67.474
933			294			-67.469
934			294			-67.476
935			294			-67.475
936			294			-67.477
937			294			-67.478
938			294			-67.474
939			294			-67.478
940			294			-67.476
941			294			-67.475
942			294			-67.472
943			294			-67.475
944			294			-67.473
945			294			-67.476
946			294			-67.47
947			294			-67.466
948			294			-67.465
949			294			-67.468
950			294			-67.471
951			294			-67.472
952			294			-67.473
953			294			-67.474
954			294			-67.474
955			294			-67.472
956			294			-67.474
957			294			-67.476
958			294			-67.476
959			294			-67.479
960			296			-67.483
961			296			-67.485
962			296			-67.488
963			296			-67.489
964			296			-67.491
965			296			-67.494
966			294			-67.495
967			294			-67.492
968			294			-67.494
969			294			-67.49
970			294			-67.492
971			294			-67.492
972			-1			-67.488
973			294			-67.487
974			294			-67.49
975			294			-67.486
976			294			-67.48
977			294			-67.478
978			294			-67.477
979			294			-67.472
980			294			-67.471
981			294			-67.473
982			294			-67.469
983			294			-67.468
984			294			-67.469
985			294			-67.479
986			294			-67.485
987			-1			-67.489
988			294			-67.713
989			294			-67.717
990			294			-67.716
991			294			-67.718
992			294			-67.713
993			294			-67.712
994			294			-67.708
995			294			-67.709
996			294			-67.713
997			294			-67.717
998			294			-67.715
999			294			-67.715
1000			294			-67.713
1001			294			-67.714
1002			294			-67.711
1003			294			-67.713
1004			294			-67.719
1005			294			-67.724
1006			294			-67.726
1007			294			-67.727
1008			294			-67.724
1009			294			-67.728
1010			294			-67.733
1011			294			-67.732
1012			-1			-67.727
1013			294			-67.724
1014			294			-67.72
1015			294			-67.727
1016			294			-67.726
1017			294			-67.728
1018			294			-67.731
1019			294			-67.735
1020			294			-67.732
1021			296			-67.738
1022			296			-67.74
1023			294			-67.732
1			394			-67.739
2			393			-67.737
3			394			-67.734
4			394			-67.727
5			394			-67.725
6			394			-67.722
7			394			-67.726
8			393			-67.729
9			393			-67.733
10			393			-67.732
11			393			-67.729
12			393			-67.734
13			393			-67.737
14			393			-67.741
15			393			-67.742
16			393			-67.74
17			393			-67.735
18			393			-67.739
19			393			-67.741
20			393			-67.739
21			393			-67.736
22			393			-67.738
23			393			-67.733
24			393			-67.732
25			393			-67.732
26			393			-67.731
27			393			-67.734
28			393			-67.731
29			393			-67.73
30			393			-67.731
31			393			-67.731
32			393			-67.731
33			393			-67.732
34			393			-67.741
35			393			-67.74
36			393			-67.735
37			393			-67.734
38			393			-67.734
39			393			-67.738
40			393			-67.737
41			394			-67.738
42			394			-67.732
43			394			-67.735
44			394			-67.74
45			394			-67.745
46			394			-67.749
47			394			-67.747
48			394			-67.746
49			394			-67.746
50			394			-67.748
51			393			-67.746
52			393			-67.744
53			394			-67.744
54			394			-67.745
55			394			-67.741
56			393			-67.738
57			393			-67.73
58			393			-67.736
59			393			-67.735
60			394			-67.741
61			394			-67.741
62			394			-67.739
63			393			-67.743
64			393			-67.745
65			393			-67.747
66			393			-67.743
67			393			-67.74
68			393			-67.741
69			393			-67.742
70			393			-67.742
71			393			-67.745
72			393			-67.752
73			393			-67.752
74			393			-67.749
75			393			-67.752
76			393			-67.752
77			393			-67.753
78			393			-67.751
79			393			-67.744
80			393			-67.737
81			393			-67.74
82			393			-67.735
83			393			-67.737
84			393			-67.735
85			393			-67.733
86			393			-67.729
87			393			-67.728
88			393			-67.727
89			394			-67.732
90			394			-67.734
91			394			-67.733
92			394			-67.735
93			393			-67.735
94			394			-67.731
95			393			-67.728
96			393			-67.732
97			393			-67.728
98			394			-67.723
99			394			-67.724
100			393			-67.728
101			393			-67.722
102			393			-67.714
103			393			-67.713
104			393			-67.713
105			393			-67.715
106			393			-67.714
107			393			-67.713
108			393			-67.711
109			393			-67.704
110			393			-67.698
111			393			-67.698
112			393			-67.693
113			393			-67.695
114			393			-67.69
115			393			-67.69
116			393			-67.694
117			393			-67.696
118			393			-67.697
119			393			-67.699
120			393			-67.7
121			393			-67.691
122			393			-67.692
123			393			-67.695
124			393			-67.694
125			393			-67.696
126			393			-67.692
127			393			-67.694
128			393			-67.69
129			394			-67.693
130			393			-67.692
131			393			-67.691
132			394			-67.689
133			393			-67.688
134			393			-67.684
135			393			-67.683
136			394			-67.683
137			394			-67.677
138			393			-67.671
139			393			-67.672
140			393			-67.67
141			393			-67.669
142			393			-67.671
143			393			-67.673
144			393			-67.677
145			393			-67.676
146			393			-67.678
147			393			-67.672
148			393			-67.671
149			393			-67.669
150			393			-67.667
151			393			-67.666
152			393			-67.665
153			393			-67.661
154			393			-67.661
155			393			-67.662
156			393			-67.662
157			393			-67.659
158			393			-67.661
159			393			-67.664
160			393			-67.663
161			393			-67.655
162			393			-67.653
163			393			-67.653
164			393			-67.652
165			393			-67.657
166			393			-67.659
167			393			-67.661
168			393			-33.249
169			393			-33.248
170			393			-33.251
171			393			-33.251
172			393			-33.256
173			393			-33.251
174			393			-33.255
175			393			-33.26
176			393			-33.256
177			393			-33.25
178			393			-33.252
179			393			-33.255
180			393			-33.252
181			393			-33.25
182			393			-33.248
183			393			-33.243
184			393			-33.239
185			393			-33.237
186			393			-33.231
187			393			-33.237
188			393			-33.232
189			393			-33.225
190			393			-33.227
191			393			-33.226
192			393			-33.228
193			393			-33.228
194			393			-33.226
195			393			-33.224
196			393			-33.226
197			393			-33.226
198			393			-33.223
199			393			-33.22
200			393			-33.217
201			393			-33.215
202			393			-33.21
203			393			-33.213
204			393			-33.209
205			393			-33.206
206			393			-33.205
207			393			-33.208
208			393			-33.206
209			393			-33.206
210			393			-33.206
211			393			-33.203
212			393			-33.203
213			393			-33.204
214			393			-33.207
215			393			-33.209
216			393			-33.211
217			393			-33.212
218			393			-33.216
219			393			-33.22
220			393			-33.223
221			393			-33.223
222			393			-33.217
223			393			-33.218
224			393			-33.217
225			393			-33.216
226			393			-33.222
227			393			-33.221
228			393			-33.22
229			393			-33.221
230			393			-33.213
231			393			-33.21
232			393			-33.213
233			393			-33.215
234			393			-33.214
235			393			-33.213
236			393			-33.213
237			393			-33.207
238			393			-33.212
239			393			-33.214
240			394			-33.209
241			394			-33.208
242			394			-33.211
243			394			-33.212
244			394			-33.216
245			-1			-33.216
246			394			-33.219
247			394			-33.214
248			394			-33.214
249			394			-33.22
250			394			-33.22
251			394			-33.217
252			393			-33.222
253			393			-33.221
254			394			-33.22
255			393			-33.218
256			393			-33.221
257			393			-33.221
258			393			-33.224
259			393			-33.22
260			393			-33.223
261			-1			-33.22
262			393			-33.22
263			393			-33.223
264			-1			-33.226
265			393			-33.228
266			393			-33.225
267			393			-33.229
268			393			-33.229
269			393			-33.228
270			393			-33.23
271			393			-33.23
272			393			-33.231
273			393			-33.231
274			393			-33.232
275			393			-33.231
276			393			-33.233
277			393			-33.23
278			393			-33.231
279			393			-33.235
280			393			-33.234
281			393			-33.23
282			393			-33.231
283			393			-33.234
284			393			-33.238
285			393			-33.241
286			393			-33.236
287			393			-33.235
288			393			-33.238
289			393			-33.238
290			393			-33.236
291			393			-33.236
292			393			-33.235
293			393			-33.231
294			393			-33.234
295			393			-33.235
296			393			-33.234
297			393			-33.238
298			394			-33.236
299			394			-33.237
300			394			-33.241
301			394			-33.241
302			394			-33.242
303			394			-33.241
304			394			-33.24
305			394			-33.239
306			394			-33.236
307			394			-33.241
308			394			-33.238
309			394			-33.237
310			394			-33.234
311			394			-33.236
312			394			-33.234
313			394			-33.233
314			393			-33.236
315			394			-33.236
316			393			-33.243
317			393			-33.244
318			393			-33.243
319			393			-33.238
320			393			-33.229
321			393			-33.231
322			394			-33.238
323			393			-33.235
324			393			-33.236
325			393			-33.233
326			393			-33.235
327			393			-33.237
328			393			-33.233
329			393			-33.227
330			393			-33.225
331			393			-33.225
332			393			-33.224
333			393			-33.222
334			393			-33.223
335			393			-33.226
336			393			-33.222
337			393			-33.222
338			393			-33.222
339			393			-33.22
340			393			-33.22
341			393			-33.219
342			393			-33.214
343			393			-33.221
344			393			-33.214
345			393			-33.213
346			393			-33.214
347			393			-33.215
348			393			-33.214
349			393			-33.21
350			393			-33.209
351			393			-33.207
352			393			-33.216
353			393			-33.218
354			393			-33.219
355			393			-33.219
356			-1			-33.217
357			393			-33.214
358			393			-33.21
359			393			-33.21
360			393			-33.207
361			393			-33.205
362			393			-33.206
363			393			-33.203
364			393			-33.2
365			393			-33.199
366			393			-33.199
367			393			-33.199
368			393			-33.199
369			393			-32.313
370			393			-32.315
371			393			-32.318
372			393			-32.319
373			393			-32.323
374			393			-32.326
375			393			-32.327
376			393			-32.329
377			393			-32.329
378			393			-32.335
379			393			-32.334
380			393			-32.335
381			393			-32.337
382			393			-32.339
383			393			-32.336
384			393			-32.336
385			393			-32.335
386			-1			-32.333
387			393			-32.332
388			394			-32.332
389			394			-32.336
390			-1			-32.333
391			394			-32.337
392			394			-32.33
393			394			-32.338
394			394			-32.339
395			394			-32.334
396			394			-32.334
397			394			-32.336
398			394			-32.336
399			394			-32.336
400			-1			-32.339
401			394			-32.343
402			394			-32.347
403			394			-32.346
404			394			-32.345
405			394			-32.346
406			394			-32.346
407			394			-32.346
408			394			-32.345
409			394			-32.351
410			394			-32.349
411			394			-32.351
412			394			-32.35
413			394			-32.351
414			-1			-32.355
415			394			-32.354
416			394			-32.355
417			394			-32.357
418			394			-32.357
419			394			-32.356
420			394			-32.359
421			394			-32.353
422			394			-32.355
423			394			-32.358
424			394			-32.36
425			394			-32.363
426			394			-32.365
427			-1			-32.366
428			394			-32.366
429			394			-32.362
430			394			-32.359
431			394			-32.361
432			394			-32.358
433			394			-32.356
434			-1			-32.354
435			394			-32.35
436			394			-32.348
437			394			-32.349
438			394			-32.352
439			394			-32.345
440			394			-32.346
441			394			-32.343
442			394			-32.341
443			394			-32.348
444			394			-32.35
445			394			-32.349
446			394			-32.344
447			394			-32.343
448			394			-32.345
449			394			-32.34
450			394			-32.34
451			394			-32.344
452			394			-32.347
453			394			-32.344
454			394			-32.338
455			394			-32.335
456			394			-32.332
457			394			-32.331
458			394			-32.335
459			394			-32.337
460			394			-32.336
461			394			-32.334
462			394			-32.331
463			394			-32.33
464			-1			-32.331
465			394			-32.331
466			394			-32.328
467			394			-32.328
468			394			-32.322
469			394			-32.315
470			394			-32.31
471			394			-32.31
472			394			-32.312
473			394			-32.313
474			394			-32.317
475			394			-32.321
476			394			-32.314
477			394			-32.314
478			394			-32.308
479			394			-32.299
480			394			-32.304
481			394			-32.309
482			394			-32.311
483			394			-32.311
484			394			-32.314
485			394			-32.319
486			394			-32.318
487			394			-32.319
488			394			-32.322
489			394			-32.321
490			394			-32.318
491			394			-32.315
492			394			-32.308
493			394			-32.305
494			394			-32.304
495			394			-32.3
496			394			-32.3
497			394			-32.306
498			394			-32.305
499			394			-32.303
500			394			-32.3
501			394			-32.297
502			394			-32.3
503			394			-32.3
504			394			-32.294
505			394			-32.29
506			394			-32.292
507			394			-32.287
508			394			-32.289
509			394			-32.292
510			394			-32.295
511			394			-32.291
512			394			-32.292
513			394			-32.293
514			394			-32.292
515			394			-32.293
516			394			-32.296
517			394			-32.292
518			394			-32.296
519			394			-32.292
520			394			-32.298
521			394			-32.293
522			394			-32.289
523			394			-32.296
524			394			-32.294
525			394			-32.292
526			394			-32.297
527			394			-32.299
528			394			-32.307
529			394			-32.303
530			394			-32.302
531			394			-32.303
532			394			-32.306
533			394			-32.308
534			394			-32.304
535			394			-32.305
536			394			-32.307
537			394			-32.307
538			394			-32.303
539			394			-32.302
540			394			-32.302
541			394			-32.297
542			394			-32.296
543			394			-32.295
544			394			-32.299
545			394			-32.3
546			394			-32.301
547			394			-32.302
548			394			-32.301
549			394			-32.304
550			394			-32.297
551			394			-32.291
552			394			-32.292
553			-1			-32.293
554			394			-32.287
555			394			-32.28
556			394			-32.286
557			394			-32.286
558			394			-32.282
559			394			-32.28
560			394			-32.284
561			394			-32.278
562			394			-32.278
563			394			-32.272
564			394			-32.27
566			394			-32.268
567			394			-32.272
568			394			-32.27
569			394			-32.268
570			394			-33.36
571			394			-33.359
572			394			-33.358
573			394			-33.357
574			394			-33.357
575			394			-33.355
576			394			-33.356
577			394			-33.353
578			394			-33.352
579			394			-33.354
580			394			-33.349
581			394			-33.348
582			394			-33.349
583			394			-33.352
584			394			-33.353
585			394			-33.348
586			394			-33.349
587			394			-33.349
588			-1			-33.346
589			394			-33.344
590			394			-33.344
591			394			-33.342
592			394			-33.339
593			394			-33.338
594			394			-33.338
595			-1			-33.336
596			394			-33.34
597			394			-33.339
598			394			-33.336
599			394			-33.333
600			