335.771421 313.068039 331.477252 302.029734 2.783100 0.125000 0.443566 
261.720592 151.903073 265.360504 171.923089 2.795110 0.125000 4.788703 
198.094437 418.999570 181.850330 420.321948 2.390334 0.125000 5.753882 
211.969792 201.199229 199.195129 199.407302 2.324523 0.125000 3.466319 
266.539307 161.991766 261.210332 146.671400 2.361235 0.125000 2.222257 
208.179101 123.470923 185.643822 126.995346 2.393869 0.125000 8.168984 
229.668939 43.920572 198.108769 55.581069 3.084376 0.125000 21.599919 
269.435612 383.238211 222.635055 408.294636 3.350041 0.125000 35.145199 
217.074398 413.506727 272.082716 384.772650 3.654872 0.125000 42.084892 
243.262001 197.473530 218.419120 203.159953 3.582280 0.125000 7.624960 
228.238457 204.658484 247.418212 196.982267 3.484128 0.125000 7.097737 
182.362383 198.322993 196.618863 204.927866 2.518208 0.125000 6.639346 
244.555809 187.958873 193.071337 131.924305 3.284596 0.125000 61.934508 
335.336703 324.077664 301.740933 357.992193 2.847767 0.125000 36.047933 
321.265467 281.318744 306.070642 263.823599 3.079414 0.125000 8.652046 
221.184961 408.186882 198.090607 418.044423 3.448955 0.125000 10.711146 
190.236132 60.782109 225.645585 48.182853 2.796251 0.125000 19.010632 
251.199912 201.363550 265.275617 217.185816 2.904869 0.125000 3.749006 
211.909858 155.593925 241.404808 188.679828 3.081370 0.125000 25.381694 
200.661997 125.375703 234.410732 130.384231 2.608384 0.125000 22.591028 
233.116761 128.176392 209.375772 124.370185 2.572385 0.125000 9.933150 
398.355527 188.173619 393.851710 209.528267 2.388310 0.125000 10.694605 
53.870773 19.531623 71.629221 11.342047 2.881858 0.125000 2.707356 
392.739691 222.075441 400.885383 186.935358 2.822732 0.125000 21.599919 
3.290874 300.194363 6.846199 311.883760 2.601223 0.125000 1.253923 
17.199835 332.215819 7.084787 304.758201 3.333428 0.125000 15.096556 
160.312296 72.384511 185.560531 61.722337 2.711592 0.125000 11.998485 
182.522258 122.435187 140.626187 83.123735 3.365040 0.125000 32.146806 
265.644933 218.107701 298.169782 255.586137 2.886369 0.125000 36.862475 
282.152195 232.789947 274.302161 224.443507 2.091867 0.015625 3.633285 
295.350639 362.775831 281.218448 373.880259 3.089205 0.125000 1.469330 
276.342744 381.224935 314.110362 350.301788 3.342837 0.125000 30.789434 
156.943168 101.801631 179.615148 122.866531 2.552495 0.125000 24.450332 
264.830101 183.176026 266.783360 165.754875 2.555820 0.125000 3.184842 
369.827532 277.097600 384.875398 246.506271 2.443173 0.125000 24.450332 
184.505459 59.694328 147.117609 74.968840 2.836482 0.125000 27.298015 
156.721443 161.587123 161.729937 180.663087 2.539481 0.125000 8.958050 
391.976163 219.415113 372.554968 268.394619 3.546671 0.125000 34.244902 
69.127658 121.442276 82.722824 113.671393 2.481228 0.125000 1.391239 
167.916258 136.779482 156.765906 161.147067 3.082657 0.125000 13.977621 
202.056923 418.578309 217.136486 412.526563 2.564407 0.125000 3.892697 
236.879361 130.618791 255.901489 143.981409 2.240129 0.125000 8.109056 
6.334306 366.580222 10.614491 376.879367 2.593408 0.125000 0.393977 
273.965541 223.657908 251.435838 197.249663 2.686491 0.125000 15.635020 
36.258294 371.543788 21.498333 343.321996 2.743671 0.125000 17.207358 
385.122752 245.461644 392.825922 221.777725 2.492730 0.125000 16.084536 
332.680719 331.568456 341.526990 318.747353 2.911514 0.125000 3.351680 
19.778167 345.410814 37.613488 378.982672 2.932255 0.125000 26.479883 
87.125828 107.262044 67.336334 120.086867 2.836318 0.125000 12.533169 
401.270981 170.516218 398.279271 187.127905 2.705269 0.125000 3.184842 
400.549794 185.609425 403.682796 170.481643 2.658081 0.125000 3.892697 
298.070667 256.917671 317.237136 281.322295 3.016302 0.125000 11.041649 
306.780909 263.457708 282.870268 233.327147 3.278727 0.125000 17.881829 
261.798500 145.727042 238.995257 128.631528 3.251990 0.125000 8.359932 
189.206306 132.037113 211.274341 155.000991 2.703866 0.125000 15.588647 
8.591649 314.240524 11.872564 325.625702 2.402243 0.125000 2.220189 
137.334650 82.641922 154.585988 100.420267 2.850793 0.125000 6.408184 
317.130063 345.875249 331.985814 330.733722 2.727311 0.125000 4.002383 
360.472860 286.778037 342.592978 314.832586 2.572168 0.125000 22.591028 
111.904891 93.178275 91.892636 104.406432 3.004140 0.125000 11.021029 
159.646237 160.745490 168.972287 139.751384 3.044767 0.125000 8.974961 
342.697359 319.102704 361.337345 289.828578 2.874837 0.125000 20.791825 
53.636023 16.487065 40.548176 24.245402 2.826720 0.125000 1.734678 
