13.123893 70.443178 19.375182 70.449654 2.505178 0.003906 3.360577 
40.716455 73.123216 40.472240 60.603597 2.670174 0.125000 7.321869 
44.364117 31.626357 105.660826 28.943543 4.120702 0.125000 92.997658 
105.652502 30.037812 143.187255 31.795806 3.628931 0.125000 53.957343 
144.517529 33.123866 144.486809 63.125114 2.529437 0.125000 26.681251 
160.621443 59.484938 180.627845 59.537259 2.549026 0.125000 16.109578 
194.445173 15.626094 194.455536 3.125067 2.509326 0.125000 3.102237 
195.547046 43.126164 195.534996 29.375079 2.508762 0.003906 14.124923 
144.451561 64.895757 155.643427 63.250337 3.891937 0.125000 5.536390 
349.134896 21.986945 360.662932 19.554794 4.118181 0.125000 5.666051 
198.123323 0.718377 223.160148 1.168060 2.522044 0.125000 19.609173 
249.347551 1.222337 261.877958 0.695340 2.550317 0.125000 3.102237 
223.823293 1.788987 233.870881 6.551347 4.518171 0.125000 10.816826 
41.211114 59.411684 42.701539 35.598496 4.367336 0.125000 34.522751 
28.124914 71.507659 38.125036 71.508629 2.500848 0.125000 0.757049 
234.197606 6.458518 240.685789 7.839371 4.188262 0.062500 0.411114 
180.941601 55.051116 192.633823 49.576069 4.069902 0.125000 10.660848 
364.078302 13.559576 353.224034 6.149055 4.933688 0.125000 9.232404 
241.098934 6.450863 248.899401 1.974448 4.336657 0.062500 3.553979 
333.869677 8.529955 348.429754 21.360695 4.911878 0.125000 23.633408 
203.093746 23.162827 194.081933 15.716833 4.315834 0.125000 8.958050 
212.892901 166.403966 236.758798 173.514993 2.855517 0.125000 11.998485 
316.922410 287.045371 321.385144 253.060674 2.904341 0.125000 19.375418 
267.082150 179.979344 247.130655 173.578164 2.851596 0.125000 9.102287 
322.427037 250.633936 323.539958 181.881717 3.167316 0.125000 45.455628 
197.888913 329.774546 134.592040 292.373146 3.277530 0.125000 52.083939 
243.076135 173.288022 201.788860 160.912377 3.236252 0.125000 29.590139 
318.877854 260.760504 308.757478 316.988838 3.223065 0.125000 32.746408 
317.780469 154.263142 319.814120 170.725173 2.342416 0.125000 0.730488 
288.744218 362.599272 230.362596 343.946292 3.374464 0.125000 42.089624 
216.411017 340.687562 277.209261 362.179411 3.321753 0.125000 42.151781 
114.042474 281.129928 154.871881 308.018583 3.030312 0.125000 36.375670 
68.889426 242.420525 105.876290 275.342685 3.201320 0.125000 37.142813 
83.579648 252.706608 50.967800 221.516573 2.670685 0.125000 37.033396 
249.450934 176.642414 265.979661 182.038673 2.425430 0.125000 7.525497 
134.006370 292.355418 83.820705 253.847386 3.480538 0.125000 40.303689 
225.592389 22.741151 240.695770 21.458010 2.678387 0.125000 0.931608 
155.708786 307.982743 186.181330 325.930434 3.158232 0.125000 25.819678 
307.275203 329.177089 316.497486 289.578195 2.835280 0.125000 29.642115 
226.769983 180.111732 204.194157 176.893676 3.185991 0.125000 5.363069 
40.588294 213.159422 67.801599 242.178279 3.245968 0.125000 16.290593 
199.223629 177.643018 222.068052 182.145503 2.470637 0.125000 11.533615 
321.198495 199.362044 320.264315 248.142031 2.451673 0.125000 43.263288 
321.645843 168.327930 319.725012 154.326981 2.525901 0.125000 1.286392 
238.149554 19.575965 221.837606 21.568945 3.115933 0.125000 1.950793 
298.188804 355.646580 307.053805 329.435475 2.472274 0.125000 20.491650 
308.678486 316.204259 295.980337 355.739130 3.014660 0.125000 31.532216 
222.798273 181.646331 236.961573 178.516802 2.724674 0.125000 3.829994 
229.402298 343.063058 199.207222 329.755697 2.753378 0.125000 21.874037 
319.541409 173.004161 321.368315 194.418227 3.098893 0.125000 10.204728 
186.574140 326.274124 215.963117 339.895491 2.988210 0.125000 22.805172 
240.413802 9.374028 240.373491 18.129597 0.665271 0.001953 1.718858 
