207.037408 254.823977 248.849146 263.709834 4.621660 0.125000 12.256831 
291.104056 186.086620 218.901903 177.861078 4.980431 0.125000 24.288177 
216.521638 182.622474 209.744394 227.113393 4.726844 0.125000 16.910830 
209.828562 231.201701 204.548837 252.890171 4.410587 0.125000 2.071110 
218.629279 173.153765 256.873216 179.736572 4.216722 0.125000 4.709025 
304.162501 188.651593 295.594505 209.247319 4.003365 0.125000 1.966262 
239.672447 265.913008 207.042447 258.805139 4.836919 0.125000 5.968860 
201.265995 257.350824 213.991867 175.153562 4.920998 0.125000 30.942349 
275.569209 290.596602 237.344895 281.543736 5.070122 0.125000 10.897903 
282.749974 274.267560 255.039134 268.801600 3.564324 0.062500 0.180331 
